% Laskar et al. 2004, original file name "data_insolaout6HoGWM.txt".
%   Age (kyr)  Eccentricity      Obliquity     Precession
   -1300.000       0.004095      -0.002629       0.388753
   -1299.000       0.004943      -0.001003       0.389266
   -1298.000       0.005982       0.001413       0.390272
   -1297.000       0.007085       0.004216       0.391740
   -1296.000       0.008167       0.006922       0.393616
   -1295.000       0.009348       0.009157       0.395843
   -1294.000       0.010505       0.010406       0.398361
   -1293.000       0.011699       0.010389       0.401089
   -1292.000       0.012861       0.008967       0.403961
   -1291.000       0.014042       0.006113       0.406905
   -1290.000       0.015228       0.002021       0.409838
   -1289.000       0.016391      -0.002866       0.412695
   -1288.000       0.017474      -0.008153       0.415407
   -1287.000       0.018655      -0.013211       0.417904
   -1286.000       0.019693      -0.017485       0.420127
   -1285.000       0.020739      -0.020412       0.422024
   -1284.000       0.021784      -0.021628       0.423547
   -1283.000       0.022755      -0.020761       0.424664
   -1282.000       0.023708      -0.017823       0.425360
   -1281.000       0.024636      -0.012964       0.425621
   -1280.000       0.025562      -0.006387       0.425460
   -1279.000       0.026418       0.001184       0.424891
   -1278.000       0.027269       0.009241       0.423937
   -1277.000       0.028128       0.016918       0.422639
   -1276.000       0.028943       0.023468       0.421035
   -1275.000       0.029683       0.028156       0.419165
   -1274.000       0.030476       0.030468       0.417078
   -1273.000       0.031202       0.029965       0.414817
   -1272.000       0.031894       0.026570       0.412429
   -1271.000       0.032556       0.020492       0.409968
   -1270.000       0.033154       0.012139       0.407484
   -1269.000       0.033797       0.002296       0.405032
   -1268.000       0.034238      -0.008117       0.402670
   -1267.000       0.034759      -0.018088       0.400448
   -1266.000       0.035205      -0.026644       0.398413
   -1265.000       0.035512      -0.032684       0.396618
   -1264.000       0.035892      -0.035748       0.395091
   -1263.000       0.036135      -0.035240       0.393863
   -1262.000       0.036349      -0.031200       0.392946
   -1261.000       0.036555      -0.024056       0.392346
   -1260.000       0.036658      -0.014368       0.392055
   -1259.000       0.036790      -0.003164       0.392071
   -1258.000       0.036819       0.008404       0.392375
   -1257.000       0.036814       0.019133       0.392952
   -1256.000       0.036898       0.028032       0.393785
   -1255.000       0.036742       0.033963       0.394851
   -1254.000       0.036694       0.036590       0.396129
   -1253.000       0.036581       0.035542       0.397598
   -1252.000       0.036407       0.030944       0.399232
   -1251.000       0.036183       0.023368       0.401002
   -1250.000       0.035914       0.013663       0.402875
   -1249.000       0.035631       0.002667       0.404814
   -1248.000       0.035246      -0.008236       0.406779
   -1247.000       0.034811      -0.018144       0.408738
   -1246.000       0.034399      -0.026087       0.410655
   -1245.000       0.033857      -0.031210       0.412494
   -1244.000       0.033332      -0.033210       0.414229
   -1243.000       0.032764      -0.031925       0.415830
   -1242.000       0.032150      -0.027578       0.417275
   -1241.000       0.031558      -0.020695       0.418545
   -1240.000       0.030875      -0.012122       0.419619
   -1239.000       0.030276      -0.002639       0.420474
   -1238.000       0.029574       0.006741       0.421093
   -1237.000       0.028884       0.014974       0.421452
   -1236.000       0.028236       0.021478       0.421530
   -1235.000       0.027550       0.025497       0.421319
   -1234.000       0.026818       0.026759       0.420807
   -1233.000       0.026145       0.025304       0.419992
   -1232.000       0.025468       0.021335       0.418885
   -1231.000       0.024717       0.015248       0.417496
   -1230.000       0.024038       0.007997       0.415855
   -1229.000       0.023323       0.000145       0.413997
   -1228.000       0.022650      -0.007318       0.411961
   -1227.000       0.021941      -0.013558       0.409789
   -1226.000       0.021270      -0.018009       0.407537
   -1225.000       0.020692      -0.020214       0.405247
   -1224.000       0.020042      -0.019856       0.402977
   -1223.000       0.019520      -0.017202       0.400785
   -1222.000       0.019021      -0.012571       0.398722
   -1221.000       0.018616      -0.006453       0.396846
   -1220.000       0.018225       0.000183       0.395215
   -1219.000       0.017944       0.006622       0.393876
   -1218.000       0.017746       0.012139       0.392882
   -1217.000       0.017587       0.015851       0.392271
   -1216.000       0.017514       0.017469       0.392068
   -1215.000       0.017543       0.016773       0.392290
   -1214.000       0.017608       0.013786       0.392936
   -1213.000       0.017740       0.008961       0.393982
   -1212.000       0.017943       0.002958       0.395402
   -1211.000       0.018203      -0.003633       0.397150
   -1210.000       0.018525      -0.009869       0.399164
   -1209.000       0.018843      -0.014958       0.401387
   -1208.000       0.019298      -0.018438       0.403747
   -1207.000       0.019739      -0.019715       0.406171
   -1206.000       0.020208      -0.018646       0.408597
   -1205.000       0.020750      -0.015400       0.410953
   -1204.000       0.021348      -0.010227       0.413175
   -1203.000       0.021882      -0.003561       0.415210
   -1202.000       0.022535       0.003629       0.416997
   -1201.000       0.023160       0.010900       0.418492
   -1200.000       0.023826       0.017285       0.419660
   -1199.000       0.024476       0.022146       0.420465
   -1198.000       0.025117       0.024929       0.420885
   -1197.000       0.025852       0.025381       0.420913
   -1196.000       0.026431       0.023135       0.420543
   -1195.000       0.027108       0.018583       0.419793
   -1194.000       0.027754       0.011968       0.418687
   -1193.000       0.028347       0.003791       0.417261
   -1192.000       0.028971      -0.005014       0.415561
   -1191.000       0.029533      -0.013716       0.413642
   -1190.000       0.030156      -0.021516       0.411561
   -1189.000       0.030703      -0.027404       0.409385
   -1188.000       0.031233      -0.030848       0.407179
   -1187.000       0.031832      -0.031459       0.405002
   -1186.000       0.032326      -0.028900       0.402921
   -1185.000       0.032823      -0.023424       0.400991
   -1184.000       0.033368      -0.015559       0.399265
   -1183.000       0.033781      -0.005755       0.397794
   -1182.000       0.034264       0.004767       0.396618
   -1181.000       0.034666       0.015120       0.395768
   -1180.000       0.035082       0.024241       0.395269
   -1179.000       0.035479       0.031204       0.395126
   -1178.000       0.035742       0.035124       0.395340
   -1177.000       0.036158       0.035881       0.395895
   -1176.000       0.036374       0.033011       0.396765
   -1175.000       0.036601       0.026994       0.397910
   -1174.000       0.036844       0.018375       0.399292
   -1173.000       0.036988       0.007912       0.400851
   -1172.000       0.037110      -0.003347       0.402540
   -1171.000       0.037201      -0.014283       0.404308
   -1170.000       0.037240      -0.023936       0.406104
   -1169.000       0.037301      -0.031422       0.407883
   -1168.000       0.037222      -0.035890       0.409603
   -1167.000       0.037205      -0.037185       0.411225
   -1166.000       0.037117      -0.035062       0.412718
   -1165.000       0.036977      -0.029804       0.414055
   -1164.000       0.036830      -0.021917       0.415210
   -1163.000       0.036652      -0.012252       0.416164
   -1162.000       0.036399      -0.001461       0.416903
   -1161.000       0.036113       0.009124       0.417410
   -1160.000       0.035818       0.018792       0.417685
   -1159.000       0.035425       0.026647       0.417726
   -1158.000       0.034995       0.031894       0.417538
   -1157.000       0.034514       0.034239       0.417135
   -1156.000       0.034039       0.033538       0.416529
   -1155.000       0.033403       0.029799       0.415739
   -1154.000       0.032793       0.023576       0.414787
   -1153.000       0.032153       0.015539       0.413698
   -1152.000       0.031405       0.006352       0.412490
   -1151.000       0.030639      -0.002973       0.411188
   -1150.000       0.029828      -0.011515       0.409805
   -1149.000       0.028993      -0.018711       0.408359
   -1148.000       0.028089      -0.023677       0.406871
   -1147.000       0.027148      -0.026198       0.405358
   -1146.000       0.026193      -0.026171       0.403841
   -1145.000       0.025187      -0.023708       0.402348
   -1144.000       0.024098      -0.019163       0.400904
   -1143.000       0.023078      -0.013323       0.399542
   -1142.000       0.021927      -0.006609       0.398295
   -1141.000       0.020742      -0.000005       0.397197
   -1140.000       0.019614       0.005904       0.396276
   -1139.000       0.018313       0.010554       0.395560
   -1138.000       0.017081       0.013606       0.395067
   -1137.000       0.015725       0.014807       0.394811
   -1136.000       0.014387       0.014377       0.394804
   -1135.000       0.013011       0.012534       0.395053
   -1134.000       0.011523       0.009649       0.395559
   -1133.000       0.010095       0.006390       0.396320
   -1132.000       0.008643       0.003193       0.397336
   -1131.000       0.007054       0.000467       0.398594
   -1130.000       0.005588      -0.001310       0.400087
   -1129.000       0.004022      -0.002112       0.401796
   -1128.000       0.002483      -0.001931       0.403691
   -1127.000       0.000915      -0.000872       0.405742
   -1126.000       0.000661       0.000629       0.407900
   -1125.000       0.002193       0.002187       0.410117
   -1124.000       0.003802       0.003448       0.412339
   -1123.000       0.005329       0.003951       0.414507
   -1122.000       0.006896       0.003460       0.416561
   -1121.000       0.008496       0.001892       0.418447
   -1120.000       0.010044      -0.000764       0.420115
   -1119.000       0.011614      -0.004286       0.421515
   -1118.000       0.013203      -0.008225       0.422620
   -1117.000       0.014758      -0.012169       0.423395
   -1116.000       0.016361      -0.015618       0.423818
   -1115.000       0.017869      -0.017868       0.423877
   -1114.000       0.019484      -0.018700       0.423560
   -1113.000       0.021021      -0.017577       0.422864
   -1112.000       0.022505      -0.014472       0.421802
   -1111.000       0.024064      -0.009431       0.420380
   -1110.000       0.025545      -0.002790       0.418620
   -1109.000       0.026981       0.005006       0.416559
   -1108.000       0.028417       0.013156       0.414232
   -1107.000       0.029840       0.020926       0.411692
   -1106.000       0.031171       0.027452       0.409008
   -1105.000       0.032512       0.031883       0.406241
   -1104.000       0.033791       0.033608       0.403469
   -1103.000       0.035077       0.032219       0.400770
   -1102.000       0.036295       0.027558       0.398217
   -1101.000       0.037459       0.019829       0.395885
   -1100.000       0.038700       0.009696       0.393840
   -1099.000       0.039758      -0.002107       0.392135
   -1098.000       0.040888      -0.014375       0.390818
   -1097.000       0.041970      -0.025877       0.389926
   -1096.000       0.042963      -0.035506       0.389473
   -1095.000       0.043953      -0.042084       0.389478
   -1094.000       0.044916      -0.044912       0.389935
   -1093.000       0.045809      -0.043492       0.390824
   -1092.000       0.046685      -0.037936       0.392121
   -1091.000       0.047466      -0.028509       0.393783
   -1090.000       0.048316      -0.016236       0.395752
   -1089.000       0.049016      -0.002053       0.397973
   -1088.000       0.049700       0.012653       0.400377
   -1087.000       0.050398       0.026544       0.402891
   -1086.000       0.050971       0.038338       0.405445
   -1085.000       0.051554       0.046985       0.407971
   -1084.000       0.052058       0.051608       0.410402
   -1083.000       0.052564       0.051877       0.412687
   -1082.000       0.053018       0.047667       0.414774
   -1081.000       0.053392       0.039314       0.416621
   -1080.000       0.053806       0.027576       0.418199
   -1079.000       0.054147       0.013317       0.419481
   -1078.000       0.054390      -0.002129       0.420449
   -1077.000       0.054745      -0.017588       0.421099
   -1076.000       0.054917      -0.031674       0.421427
   -1075.000       0.055119      -0.043248       0.421435
   -1074.000       0.055280      -0.051312       0.421140
   -1073.000       0.055405      -0.055158       0.420555
   -1072.000       0.055489      -0.054443       0.419703
   -1071.000       0.055509      -0.049205       0.418617
   -1070.000       0.055538      -0.039872       0.417328
   -1069.000       0.055513      -0.027174       0.415874
   -1068.000       0.055410      -0.012249       0.414293
   -1067.000       0.055297       0.003747       0.412622
   -1066.000       0.055197       0.019340       0.410902
   -1065.000       0.054959       0.033250       0.409170
   -1064.000       0.054751       0.044260       0.407461
   -1063.000       0.054507       0.051433       0.405805
   -1062.000       0.054180       0.054129       0.404232
   -1061.000       0.053871       0.052203       0.402763
   -1060.000       0.053473       0.045784       0.401423
   -1059.000       0.053100       0.035500       0.400231
   -1058.000       0.052616       0.022361       0.399206
   -1057.000       0.052139       0.007457       0.398361
   -1056.000       0.051655      -0.007766       0.397709
   -1055.000       0.051073      -0.022016       0.397257
   -1054.000       0.050438      -0.034052       0.397009
   -1053.000       0.049877      -0.042862       0.396965
   -1052.000       0.049143      -0.047727       0.397121
   -1051.000       0.048445      -0.048379       0.397466
   -1050.000       0.047696      -0.044884       0.397990
   -1049.000       0.046908      -0.037658       0.398676
   -1048.000       0.046087      -0.027544       0.399509
   -1047.000       0.045173      -0.015476       0.400477
   -1046.000       0.044317      -0.002595       0.401562
   -1045.000       0.043350       0.009904       0.402747
   -1044.000       0.042336       0.021012       0.404016
   -1043.000       0.041371       0.029847       0.405349
   -1042.000       0.040282       0.035770       0.406723
   -1041.000       0.039195       0.038465       0.408115
   -1040.000       0.038109       0.037956       0.409495
   -1039.000       0.036927       0.034416       0.410833
   -1038.000       0.035795       0.028453       0.412096
   -1037.000       0.034529       0.020690       0.413253
   -1036.000       0.033365       0.011951       0.414272
   -1035.000       0.032097       0.002941       0.415133
   -1034.000       0.030806      -0.005432       0.415808
   -1033.000       0.029557      -0.012773       0.416283
   -1032.000       0.028277      -0.018451       0.416546
   -1031.000       0.026942      -0.022272       0.416590
   -1030.000       0.025677      -0.024203       0.416411
   -1029.000       0.024402      -0.024309       0.416015
   -1028.000       0.023117      -0.022812       0.415403
   -1027.000       0.021906      -0.020149       0.414585
   -1026.000       0.020716      -0.016627       0.413574
   -1025.000       0.019613      -0.012626       0.412385
   -1024.000       0.018565      -0.008597       0.411040
   -1023.000       0.017649      -0.004674       0.409570
   -1022.000       0.016869      -0.001038       0.408003
   -1021.000       0.016208       0.002128       0.406384
   -1020.000       0.015752       0.005005       0.404758
   -1019.000       0.015555       0.007551       0.403173
   -1018.000       0.015446       0.009847       0.401682
   -1017.000       0.015655       0.012008       0.400337
   -1016.000       0.016086       0.014077       0.399183
   -1015.000       0.016600       0.015810       0.398262
   -1014.000       0.017425       0.017334       0.397602
   -1013.000       0.018307       0.018195       0.397226
   -1012.000       0.019362       0.018265       0.397148
   -1011.000       0.020500       0.017250       0.397364
   -1010.000       0.021735       0.014977       0.397869
   -1009.000       0.023032       0.011211       0.398647
   -1008.000       0.024365       0.006155       0.399673
   -1007.000       0.025733      -0.000095       0.400920
   -1006.000       0.027196      -0.007254       0.402355
   -1005.000       0.028558      -0.014581       0.403935
   -1004.000       0.030001      -0.021675       0.405618
   -1003.000       0.031486      -0.027764       0.407358
   -1002.000       0.032884      -0.032120       0.409099
   -1001.000       0.034288      -0.034226       0.410793
   -1000.000       0.035760      -0.033760       0.412389
    -999.000       0.037070      -0.030250       0.413833
    -998.000       0.038470      -0.024092       0.415087
    -997.000       0.039755      -0.015352       0.416110
    -996.000       0.041056      -0.004698       0.416873
    -995.000       0.042323       0.007034       0.417360
    -994.000       0.043485       0.018892       0.417558
    -993.000       0.044716       0.029933       0.417462
    -992.000       0.045820       0.038991       0.417084
    -991.000       0.046878       0.045217       0.416432
    -990.000       0.047970       0.047962       0.415525
    -989.000       0.048931       0.046648       0.414393
    -988.000       0.049848       0.041283       0.413063
    -987.000       0.050778       0.032206       0.411571
    -986.000       0.051586       0.019886       0.409958
    -985.000       0.052392       0.005459       0.408264
    -984.000       0.053090      -0.009936       0.406536
    -983.000       0.053791      -0.024931       0.404823
    -982.000       0.054442      -0.038180       0.403169
    -981.000       0.054952      -0.048262       0.401622
    -980.000       0.055530      -0.054402       0.400226
    -979.000       0.055983      -0.055730       0.399015
    -978.000       0.056389      -0.052094       0.398022
    -977.000       0.056746      -0.043731       0.397275
    -976.000       0.057069      -0.031389       0.396784
    -975.000       0.057312      -0.015962       0.396560
    -974.000       0.057508       0.000847       0.396603
    -973.000       0.057669       0.017764       0.396901
    -972.000       0.057777       0.033195       0.397442
    -971.000       0.057799       0.045588       0.398210
    -970.000       0.057815       0.054013       0.399176
    -969.000       0.057814       0.057680       0.400317
    -968.000       0.057650       0.056166       0.401602
    -967.000       0.057562       0.049858       0.402996
    -966.000       0.057378       0.039288       0.404467
    -965.000       0.057147       0.025344       0.405980
    -964.000       0.056892       0.009458       0.407499
    -963.000       0.056586      -0.007026       0.408994
    -962.000       0.056263      -0.022782       0.410431
    -961.000       0.055906      -0.036293       0.411782
    -960.000       0.055435      -0.046548       0.413025
    -959.000       0.055079      -0.052857       0.414142
    -958.000       0.054536      -0.054535       0.415114
    -957.000       0.054020      -0.051735       0.415933
    -956.000       0.053522      -0.044800       0.416587
    -955.000       0.052903      -0.034232       0.417067
    -954.000       0.052295      -0.021171       0.417370
    -953.000       0.051677      -0.006776       0.417491
    -952.000       0.050991       0.007937       0.417427
    -951.000       0.050295       0.021492       0.417180
    -950.000       0.049542       0.032958       0.416751
    -949.000       0.048796       0.041419       0.416143
    -948.000       0.048022       0.046273       0.415367
    -947.000       0.047131       0.047125       0.414434
    -946.000       0.046360       0.044266       0.413358
    -945.000       0.045457       0.037793       0.412156
    -944.000       0.044545       0.028510       0.410845
    -943.000       0.043664       0.017294       0.409445
    -942.000       0.042712       0.005087       0.407978
    -941.000       0.041772      -0.007063       0.406465
    -940.000       0.040771      -0.018002       0.404932
    -939.000       0.039802      -0.027038       0.403403
    -938.000       0.038790      -0.033398       0.401906
    -937.000       0.037734      -0.036606       0.400469
    -936.000       0.036701      -0.036662       0.399126
    -935.000       0.035658      -0.033670       0.397908
    -934.000       0.034522      -0.027969       0.396847
    -933.000       0.033454      -0.020362       0.395975
    -932.000       0.032334      -0.011544       0.395320
    -931.000       0.031174      -0.002318       0.394903
    -930.000       0.030028       0.006387       0.394746
    -929.000       0.028835       0.013829       0.394861
    -928.000       0.027680       0.019666       0.395247
    -927.000       0.026411       0.023198       0.395907
    -926.000       0.025202       0.024624       0.396825
    -925.000       0.023983       0.023928       0.397983
    -924.000       0.022691       0.021360       0.399362
    -923.000       0.021426       0.017430       0.400930
    -922.000       0.020228       0.012721       0.402654
    -921.000       0.018908       0.007568       0.404505
    -920.000       0.017701       0.002659       0.406436
    -919.000       0.016481      -0.001673       0.408409
    -918.000       0.015275      -0.005273       0.410382
    -917.000       0.014121      -0.007833       0.412308
    -916.000       0.013020      -0.009447       0.414138
    -915.000       0.011980      -0.010257       0.415831
    -914.000       0.011070      -0.010402       0.417339
    -913.000       0.010186      -0.010037       0.418625
    -912.000       0.009612      -0.009612       0.419658
    -911.000       0.009090      -0.009010       0.420409
    -910.000       0.008848      -0.008554       0.420861
    -909.000       0.008896      -0.008225       0.421009
    -908.000       0.009101      -0.007912       0.420846
    -907.000       0.009564      -0.007527       0.420382
    -906.000       0.010255      -0.006970       0.419631
    -905.000       0.011032      -0.005901       0.418608
    -904.000       0.011935      -0.004260       0.417340
    -903.000       0.012992      -0.002001       0.415856
    -902.000       0.014017       0.001071       0.414184
    -901.000       0.015129       0.004706       0.412366
    -900.000       0.016269       0.008673       0.410444
    -899.000       0.017416       0.012768       0.408460
    -898.000       0.018565       0.016433       0.406468
    -897.000       0.019690       0.019237       0.404514
    -896.000       0.020865       0.020823       0.402648
    -895.000       0.021996       0.020717       0.400922
    -894.000       0.023065       0.018668       0.399378
    -893.000       0.024225       0.014787       0.398051
    -892.000       0.025291       0.009018       0.396977
    -891.000       0.026313       0.001908       0.396174
    -890.000       0.027420      -0.006025       0.395652
    -889.000       0.028360      -0.014038       0.395418
    -888.000       0.029391      -0.021398       0.395466
    -887.000       0.030287      -0.027165       0.395781
    -886.000       0.031210      -0.030811       0.396348
    -885.000       0.032079      -0.031762       0.397138
    -884.000       0.032841      -0.029735       0.398124
    -883.000       0.033643      -0.024875       0.399277
    -882.000       0.034378      -0.017463       0.400561
    -881.000       0.034980      -0.008080       0.401940
    -880.000       0.035639       0.002363       0.403380
    -879.000       0.036201       0.012932       0.404843
    -878.000       0.036695       0.022662       0.406293
    -877.000       0.037154       0.030530       0.407697
    -876.000       0.037569       0.035799       0.409026
    -875.000       0.037950       0.037949       0.410253
    -874.000       0.038241       0.036643       0.411358
    -873.000       0.038523       0.031998       0.412323
    -872.000       0.038772       0.024427       0.413136
    -871.000       0.038939       0.014548       0.413793
    -870.000       0.039046       0.003253       0.414291
    -869.000       0.039197      -0.008324       0.414630
    -868.000       0.039173      -0.019288       0.414812
    -867.000       0.039191      -0.028474       0.414841
    -866.000       0.039136      -0.035080       0.414722
    -865.000       0.039040      -0.038554       0.414466
    -864.000       0.038879      -0.038494       0.414080
    -863.000       0.038667      -0.034972       0.413577
    -862.000       0.038466      -0.028342       0.412968
    -861.000       0.038145      -0.019226       0.412269
    -860.000       0.037803      -0.008450       0.411495
    -859.000       0.037463       0.002853       0.410662
    -858.000       0.037041       0.013740       0.409788
    -857.000       0.036579       0.023130       0.408886
    -856.000       0.036131       0.030158       0.407972
    -855.000       0.035623       0.034275       0.407059
    -854.000       0.035104       0.035089       0.406162
    -853.000       0.034534       0.032602       0.405295
    -852.000       0.033969       0.027177       0.404472
    -851.000       0.033422       0.019381       0.403708
    -850.000       0.032711       0.009994       0.403016
    -849.000       0.032155       0.000065       0.402413
    -848.000       0.031471      -0.009562       0.401911
    -847.000       0.030760      -0.017840       0.401526
    -846.000       0.030102      -0.024114       0.401267
    -845.000       0.029371      -0.027781       0.401143
    -844.000       0.028634      -0.028630       0.401160
    -843.000       0.027896      -0.026706       0.401319
    -842.000       0.027113      -0.022267       0.401619
    -841.000       0.026386      -0.015966       0.402056
    -840.000       0.025552      -0.008424       0.402622
    -839.000       0.024774      -0.000511       0.403305
    -838.000       0.024023       0.006993       0.404091
    -837.000       0.023178       0.013332       0.404963
    -836.000       0.022441       0.018015       0.405900
    -835.000       0.021657       0.020542       0.406882
    -834.000       0.020931       0.020931       0.407883
    -833.000       0.020169       0.019139       0.408878
    -832.000       0.019451       0.015574       0.409841
    -831.000       0.018780       0.010631       0.410741
    -830.000       0.018067       0.004974       0.411553
    -829.000       0.017382      -0.000854       0.412251
    -828.000       0.016799      -0.006185       0.412810
    -827.000       0.016116      -0.010499       0.413211
    -826.000       0.015552      -0.013439       0.413438
    -825.000       0.014979      -0.014702       0.413477
    -824.000       0.014441      -0.014281       0.413328
    -823.000       0.013967      -0.012293       0.412989
    -822.000       0.013450      -0.009002       0.412469
    -821.000       0.013110      -0.004847       0.411779
    -820.000       0.012714      -0.000291       0.410935
    -819.000       0.012382       0.004070       0.409959
    -818.000       0.012190       0.007836       0.408878
    -817.000       0.011993       0.010477       0.407717
    -816.000       0.011880       0.011769       0.406509
    -815.000       0.011832       0.011531       0.405289
    -814.000       0.011874       0.009831       0.404090
    -813.000       0.011948       0.006797       0.402950
    -812.000       0.012063       0.002926       0.401909
    -811.000       0.012261      -0.001496       0.400996
    -810.000       0.012502      -0.005776       0.400247
    -809.000       0.012721      -0.009472       0.399689
    -808.000       0.013024      -0.012112       0.399339
    -807.000       0.013340      -0.013336       0.399214
    -806.000       0.013653      -0.012930       0.399319
    -805.000       0.014003      -0.010953       0.399650
    -804.000       0.014323      -0.007566       0.400201
    -803.000       0.014776      -0.003089       0.400955
    -802.000       0.015078       0.001900       0.401888
    -801.000       0.015486       0.006909       0.402977
    -800.000       0.015927       0.011391       0.404191
    -799.000       0.016289       0.014713       0.405493
    -798.000       0.016699       0.016591       0.406853
    -797.000       0.017116       0.016748       0.408234
    -796.000       0.017491       0.015048       0.409597
    -795.000       0.017874       0.011749       0.410910
    -794.000       0.018208       0.007086       0.412139
    -793.000       0.018575       0.001503       0.413253
    -792.000       0.018878      -0.004371       0.414224
    -791.000       0.019134      -0.009962       0.415027
    -790.000       0.019442      -0.014747       0.415643
    -789.000       0.019648      -0.018106       0.416062
    -788.000       0.019846      -0.019776       0.416271
    -787.000       0.020018      -0.019519       0.416270
    -786.000       0.020188      -0.017345       0.416064
    -785.000       0.020261      -0.013370       0.415658
    -784.000       0.020366      -0.008155       0.415066
    -783.000       0.020419      -0.001970       0.414306
    -782.000       0.020483       0.004356       0.413395
    -781.000       0.020448       0.010307       0.412355
    -780.000       0.020444       0.015239       0.411208
    -779.000       0.020436       0.018690       0.409976
    -778.000       0.020288       0.020186       0.408684
    -777.000       0.020210       0.019756       0.407356
    -776.000       0.020041       0.017318       0.406017
    -775.000       0.019848       0.013164       0.404696
    -774.000       0.019608       0.007821       0.403418
    -773.000       0.019309       0.001790       0.402209
    -772.000       0.019049      -0.004309       0.401094
    -771.000       0.018632      -0.009686       0.400095
    -770.000       0.018243      -0.013928       0.399232
    -769.000       0.017857      -0.016579       0.398519
    -768.000       0.017332      -0.017306       0.397970
    -767.000       0.016832      -0.016217       0.397589
    -766.000       0.016342      -0.013517       0.397384
    -765.000       0.015723      -0.009393       0.397357
    -764.000       0.015183      -0.004651       0.397509
    -763.000       0.014525       0.000351       0.397840
    -762.000       0.013947       0.004921       0.398348
    -761.000       0.013299       0.008585       0.399025
    -760.000       0.012596       0.010887       0.399866
    -759.000       0.012016       0.011822       0.400859
    -758.000       0.011303       0.011136       0.401990
    -757.000       0.010641       0.009176       0.403242
    -756.000       0.009993       0.006287       0.404592
    -755.000       0.009348       0.002802       0.406014
    -754.000       0.008737      -0.000691       0.407485
    -753.000       0.008125      -0.003687       0.408975
    -752.000       0.007628      -0.005889       0.410454
    -751.000       0.007234      -0.006985       0.411897
    -750.000       0.006833      -0.006719       0.413272
    -749.000       0.006731      -0.005439       0.414553
    -748.000       0.006696      -0.003077       0.415715
    -747.000       0.006878      -0.000129       0.416736
    -746.000       0.007220       0.002981       0.417588
    -745.000       0.007657       0.005776       0.418254
    -744.000       0.008345       0.007962       0.418716
    -743.000       0.008946       0.008907       0.418955
    -742.000       0.009730       0.008663       0.418962
    -741.000       0.010547       0.007053       0.418728
    -740.000       0.011370       0.004101       0.418248
    -739.000       0.012256       0.000261       0.417530
    -738.000       0.013127      -0.004129       0.416580
    -737.000       0.014079      -0.008648       0.415412
    -736.000       0.014977      -0.012538       0.414053
    -735.000       0.015893      -0.015408       0.412525
    -734.000       0.016862      -0.016811       0.410860
    -733.000       0.017779      -0.016359       0.409097
    -732.000       0.018703      -0.013978       0.407270
    -731.000       0.019648      -0.009882       0.405419
    -730.000       0.020570      -0.004185       0.403589
    -729.000       0.021498       0.002419       0.401820
    -728.000       0.022396       0.009315       0.400154
    -727.000       0.023291       0.015791       0.398635
    -726.000       0.024221       0.021134       0.397301
    -725.000       0.024985       0.024505       0.396188
    -724.000       0.025892       0.025719       0.395330
    -723.000       0.026679       0.024257       0.394748
    -722.000       0.027409       0.020224       0.394460
    -721.000       0.028195       0.013994       0.394477
    -720.000       0.028890       0.006016       0.394790
    -719.000       0.029574      -0.002994       0.395390
    -718.000       0.030231      -0.011991       0.396262
    -717.000       0.030848      -0.020239       0.397371
    -716.000       0.031499      -0.026878       0.398689
    -715.000       0.032039      -0.031089       0.400181
    -714.000       0.032606      -0.032548       0.401804
    -713.000       0.033204      -0.031053       0.403520
    -712.000       0.033662      -0.026534       0.405288
    -711.000       0.034215      -0.019542       0.407062
    -710.000       0.034687      -0.010638       0.408805
    -709.000       0.035163      -0.000453       0.410479
    -708.000       0.035587       0.009880       0.412043
    -707.000       0.036010       0.019564       0.413467
    -706.000       0.036409       0.027816       0.414724
    -705.000       0.036758       0.033697       0.415786
    -704.000       0.037067       0.036805       0.416638
    -703.000       0.037431       0.036883       0.417266
    -702.000       0.037651       0.033714       0.417661
    -701.000       0.037914       0.027697       0.417825
    -700.000       0.038151       0.019305       0.417763
    -699.000       0.038327       0.009135       0.417481
    -698.000       0.038501      -0.001916       0.416995
    -697.000       0.038615      -0.012781       0.416321
    -696.000       0.038775      -0.022809       0.415477
    -695.000       0.038831      -0.030864       0.414486
    -694.000       0.038883      -0.036356       0.413371
    -693.000       0.038963      -0.038866       0.412154
    -692.000       0.038974      -0.038036       0.410863
    -691.000       0.038942      -0.033945       0.409523
    -690.000       0.038960      -0.027059       0.408160
    -689.000       0.038914      -0.017787       0.406802
    -688.000       0.038799      -0.007025       0.405479
    -687.000       0.038759       0.004243       0.404215
    -686.000       0.038583       0.015149       0.403038
    -685.000       0.038456       0.024681       0.401971
    -684.000       0.038241       0.031972       0.401033
    -683.000       0.038021       0.036462       0.400242
    -682.000       0.037805       0.037804       0.399611
    -681.000       0.037466       0.035788       0.399149
    -680.000       0.037170       0.030795       0.398860
    -679.000       0.036866       0.023284       0.398748
    -678.000       0.036420       0.013808       0.398813
    -677.000       0.036045       0.003495       0.399053
    -676.000       0.035614      -0.006927       0.399463
    -675.000       0.035111      -0.016495       0.400034
    -674.000       0.034632      -0.024351       0.400757
    -673.000       0.034069      -0.029893       0.401617
    -672.000       0.033565      -0.032840       0.402593
    -671.000       0.032925      -0.032821       0.403668
    -670.000       0.032327      -0.030158       0.404814
    -669.000       0.031723      -0.025153       0.406004
    -668.000       0.031014      -0.018270       0.407212
    -667.000       0.030309      -0.010250       0.408411
    -666.000       0.029623      -0.001898       0.409570
    -665.000       0.028815       0.006256       0.410667
    -664.000       0.028051       0.013395       0.411676
    -663.000       0.027204       0.019009       0.412575
    -662.000       0.026398       0.022917       0.413344
    -661.000       0.025489       0.024719       0.413962
    -660.000       0.024592       0.024585       0.414414
    -659.000       0.023720       0.022697       0.414687
    -658.000       0.022759       0.019306       0.414769
    -657.000       0.021825       0.014839       0.414654
    -656.000       0.020917       0.009828       0.414340
    -655.000       0.019985       0.004607       0.413827
    -654.000       0.019046      -0.000392       0.413126
    -653.000       0.018206      -0.004761       0.412252
    -652.000       0.017331      -0.008441       0.411224
    -651.000       0.016545      -0.011210       0.410068
    -650.000       0.015796      -0.013038       0.408816
    -649.000       0.015138      -0.014077       0.407503
    -648.000       0.014590      -0.014403       0.406166
    -647.000       0.014073      -0.014060       0.404842
    -646.000       0.013787      -0.013363       0.403570
    -645.000       0.013577      -0.012248       0.402388
    -644.000       0.013490      -0.010818       0.401328
    -643.000       0.013640      -0.009139       0.400421
    -642.000       0.013900      -0.007092       0.399696
    -641.000       0.014251      -0.004658       0.399176
    -640.000       0.014870      -0.001830       0.398878
    -639.000       0.015478       0.001432       0.398819
    -638.000       0.016264       0.005100       0.399004
    -637.000       0.017112       0.008929       0.399430
    -636.000       0.018051       0.012790       0.400094
    -635.000       0.019014       0.016360       0.400975
    -634.000       0.020044       0.019221       0.402050
    -633.000       0.021105       0.021097       0.403290
    -632.000       0.022210       0.021615       0.404652
    -631.000       0.023278       0.020481       0.406099
    -630.000       0.024426       0.017647       0.407588
    -629.000       0.025576       0.013084       0.409074
    -628.000       0.026671       0.006984       0.410515
    -627.000       0.027824      -0.000270       0.411876
    -626.000       0.028987      -0.008129       0.413116
    -625.000       0.030048      -0.016045       0.414209
    -624.000       0.031190      -0.023216       0.415126
    -623.000       0.032267      -0.029035       0.415842
    -622.000       0.033324      -0.032840       0.416341
    -621.000       0.034378      -0.034169       0.416609
    -620.000       0.035336      -0.032664       0.416634
    -619.000       0.036408      -0.028412       0.416418
    -618.000       0.037263      -0.021416       0.415961
    -617.000       0.038186      -0.012292       0.415273
    -616.000       0.039100      -0.001644       0.414371
    -615.000       0.039848       0.009651       0.413279
    -614.000       0.040652       0.020639       0.412021
    -613.000       0.041396       0.030270       0.410632
    -612.000       0.042048       0.037689       0.409146
    -611.000       0.042713       0.042103       0.407600
    -610.000       0.043282       0.042959       0.406032
    -609.000       0.043867       0.040118       0.404480
    -608.000       0.044374       0.033664       0.402978
    -607.000       0.044800       0.024039       0.401564
    -606.000       0.045305       0.012126       0.400269
    -605.000       0.045640      -0.001148       0.399118
    -604.000       0.045991      -0.014542       0.398141
    -603.000       0.046320      -0.026850       0.397356
    -602.000       0.046570      -0.036924       0.396783
    -601.000       0.046809      -0.043857       0.396438
    -600.000       0.046970      -0.046880       0.396325
    -599.000       0.047166      -0.045851       0.396450
    -598.000       0.047231      -0.040675       0.396812
    -597.000       0.047305      -0.031976       0.397401
    -596.000       0.047328      -0.020401       0.398203
    -595.000       0.047327      -0.007118       0.399201
    -594.000       0.047222       0.006767       0.400371
    -593.000       0.047161       0.019970       0.401687
    -592.000       0.047032       0.031372       0.403124
    -591.000       0.046831       0.039982       0.404651
    -590.000       0.046643       0.045110       0.406242
    -589.000       0.046422       0.046396       0.407868
    -588.000       0.046134       0.043729       0.409499
    -587.000       0.045851       0.037537       0.411109
    -586.000       0.045502       0.028268       0.412667
    -585.000       0.045208       0.016896       0.414143
    -584.000       0.044779       0.004328       0.415510
    -583.000       0.044397      -0.008308       0.416739
    -582.000       0.044037      -0.020083       0.417803
    -581.000       0.043513      -0.029888       0.418677
    -580.000       0.043117      -0.037200       0.419343
    -579.000       0.042608      -0.041301       0.419778
    -578.000       0.042101      -0.042075       0.419974
    -577.000       0.041584      -0.039525       0.419920
    -576.000       0.041003      -0.033913       0.419609
    -575.000       0.040462      -0.025801       0.419042
    -574.000       0.039850      -0.015922       0.418224
    -573.000       0.039195      -0.005064       0.417159
    -572.000       0.038648       0.005845       0.415862
    -571.000       0.037929       0.015950       0.414353
    -570.000       0.037268       0.024459       0.412650
    -569.000       0.036646       0.030790       0.410786
    -568.000       0.035899       0.034409       0.408794
    -567.000       0.035230       0.035229       0.406711
    -566.000       0.034492       0.033180       0.404583
    -565.000       0.033786       0.028576       0.402462
    -564.000       0.033026       0.021853       0.400392
    -563.000       0.032256       0.013714       0.398430
    -562.000       0.031524       0.004747       0.396627
    -561.000       0.030718      -0.004083       0.395029
    -560.000       0.029917      -0.012221       0.393685
    -559.000       0.029129      -0.018895       0.392637
    -558.000       0.028318      -0.023707       0.391912
    -557.000       0.027446      -0.026280       0.391541
    -556.000       0.026649      -0.026648       0.391540
    -555.000       0.025771      -0.024808       0.391909
    -554.000       0.024918      -0.021151       0.392652
    -553.000       0.024030      -0.016136       0.393753
    -552.000       0.023178      -0.010232       0.395184
    -551.000       0.022291      -0.004026       0.396918
    -550.000       0.021392       0.001889       0.398910
    -549.000       0.020519       0.007192       0.401106
    -548.000       0.019676       0.011462       0.403456
    -547.000       0.018740       0.014475       0.405896
    -546.000       0.017947       0.016286       0.408358
    -545.000       0.017110       0.016822       0.410785
    -544.000       0.016292       0.016261       0.413113
    -543.000       0.015555       0.014866       0.415283
    -542.000       0.014847       0.012833       0.417248
    -541.000       0.014194       0.010329       0.418965
    -540.000       0.013606       0.007730       0.420394
    -539.000       0.013098       0.005032       0.421511
    -538.000       0.012715       0.002402       0.422294
    -537.000       0.012365      -0.000039       0.422726
    -536.000       0.012181      -0.002360       0.422809
    -535.000       0.012144      -0.004603       0.422536
    -534.000       0.012126      -0.006583       0.421918
    -533.000       0.012337      -0.008589       0.420973
    -532.000       0.012629      -0.010384       0.419720
    -531.000       0.013001      -0.011968       0.418193
    -530.000       0.013491      -0.013248       0.416433
    -529.000       0.014100      -0.014095       0.414480
    -528.000       0.014703      -0.014226       0.412388
    -527.000       0.015427      -0.013635       0.410211
    -526.000       0.016170      -0.012074       0.408003
    -525.000       0.016948      -0.009454       0.405820
    -524.000       0.017773      -0.005894       0.403718
    -523.000       0.018570      -0.001451       0.401741
    -522.000       0.019485       0.003694       0.399940
    -521.000       0.020282       0.009011       0.398352
    -520.000       0.021153       0.014190       0.397006
    -519.000       0.022067       0.018739       0.395931
    -518.000       0.022876       0.022018       0.395145
    -517.000       0.023719       0.023718       0.394657
    -516.000       0.024603       0.023545       0.394471
    -515.000       0.025355       0.021143       0.394585
    -514.000       0.026188       0.016816       0.394985
    -513.000       0.026921       0.010657       0.395657
    -512.000       0.027682       0.003154       0.396574
    -511.000       0.028396      -0.005058       0.397706
    -510.000       0.029028      -0.013166       0.399019
    -509.000       0.029747      -0.020619       0.400475
    -508.000       0.030315      -0.026432       0.402033
    -507.000       0.030878      -0.030152       0.403653
    -506.000       0.031454      -0.031363       0.405296
    -505.000       0.031926      -0.029755       0.406922
    -504.000       0.032366      -0.025460       0.408501
    -503.000       0.032812      -0.018852       0.410003
    -502.000       0.033170      -0.010352       0.411399
    -501.000       0.033525      -0.000747       0.412672
    -500.000       0.033783       0.009023       0.413798
    -499.000       0.034077       0.018262       0.414763
    -498.000       0.034277       0.025972       0.415552
    -497.000       0.034435       0.031479       0.416152
    -496.000       0.034556       0.034298       0.416554
    -495.000       0.034685       0.034179       0.416752
    -494.000       0.034669       0.030944       0.416742
    -493.000       0.034694       0.025125       0.416526
    -492.000       0.034679       0.017060       0.416108
    -491.000       0.034554       0.007447       0.415496
    -490.000       0.034463      -0.002659       0.414704
    -489.000       0.034273      -0.012527       0.413747
    -488.000       0.034108      -0.021243       0.412643
    -487.000       0.033827      -0.027889       0.411410
    -486.000       0.033548      -0.032025       0.410075
    -485.000       0.033286      -0.033286       0.408661
    -484.000       0.032866      -0.031425       0.407198
    -483.000       0.032522      -0.026861       0.405714
    -482.000       0.032126      -0.019985       0.404243
    -481.000       0.031672      -0.011353       0.402815
    -480.000       0.031215      -0.001993       0.401472
    -479.000       0.030718       0.007289       0.400244
    -478.000       0.030216       0.015696       0.399170
    -477.000       0.029680       0.022311       0.398281
    -476.000       0.029054       0.026609       0.397609
    -475.000       0.028550       0.028387       0.397176
    -474.000       0.027877       0.027313       0.397004
    -473.000       0.027246       0.023801       0.397103
    -472.000       0.026655       0.018255       0.397481
    -471.000       0.025949       0.011197       0.398132
    -470.000       0.025313       0.003470       0.399046
    -469.000       0.024606      -0.004116       0.400202
    -468.000       0.023938      -0.010988       0.401576
    -467.000       0.023235      -0.016408       0.403132
    -466.000       0.022478      -0.019926       0.404833
    -465.000       0.021796      -0.021465       0.406637
    -464.000       0.021075      -0.020891       0.408494
    -463.000       0.020275      -0.018365       0.410358
    -462.000       0.019610      -0.014441       0.412175
    -461.000       0.018842      -0.009398       0.413895
    -460.000       0.018110      -0.003850       0.415471
    -459.000       0.017375       0.001560       0.416854
    -458.000       0.016674       0.006446       0.417999
    -457.000       0.015947       0.010377       0.418873
    -456.000       0.015229       0.012914       0.419444
    -455.000       0.014539       0.014109       0.419687
    -454.000       0.013872       0.013842       0.419594
    -453.000       0.013161       0.012212       0.419156
    -452.000       0.012507       0.009559       0.418377
    -451.000       0.011891       0.006227       0.417276
    -450.000       0.011225       0.002462       0.415869
    -449.000       0.010646      -0.001146       0.414189
    -448.000       0.010049      -0.004293       0.412276
    -447.000       0.009539      -0.006776       0.410171
    -446.000       0.009001      -0.008165       0.407926
    -445.000       0.008512      -0.008486       0.405606
    -444.000       0.008155      -0.007815       0.403265
    -443.000       0.007711      -0.006086       0.400974
    -442.000       0.007413      -0.003722       0.398805
    -441.000       0.007170      -0.001016       0.396817
    -440.000       0.006968       0.001772       0.395078
    -439.000       0.006849       0.004197       0.393648
    -438.000       0.006780       0.005886       0.392568
    -437.000       0.006846       0.006807       0.391880
    -436.000       0.006910       0.006628       0.391608
    -435.000       0.007052       0.005461       0.391760
    -434.000       0.007277       0.003479       0.392336
    -433.000       0.007545       0.000883       0.393320
    -432.000       0.007805      -0.002057       0.394679
    -431.000       0.008154      -0.004776       0.396377
    -430.000       0.008511      -0.007123       0.398367
    -429.000       0.008910      -0.008693       0.400584
    -428.000       0.009267      -0.009197       0.402976
    -427.000       0.009707      -0.008670       0.405475
    -426.000       0.010139      -0.007032       0.408012
    -425.000       0.010514      -0.004438       0.410527
    -424.000       0.010964      -0.001167       0.412956
    -423.000       0.011374       0.002401       0.415234
    -422.000       0.011771       0.006044       0.417316
    -421.000       0.012165       0.009153       0.419147
    -420.000       0.012557       0.011543       0.420688
    -419.000       0.012937       0.012886       0.421912
    -418.000       0.013295       0.012976       0.422792
    -417.000       0.013590       0.011730       0.423312
    -416.000       0.014000       0.009383       0.423473
    -415.000       0.014242       0.005879       0.423273
    -414.000       0.014537       0.001725       0.422726
    -413.000       0.014836      -0.002725       0.421848
    -412.000       0.015056      -0.007143       0.420661
    -411.000       0.015279      -0.010964       0.419194
    -410.000       0.015480      -0.013816       0.417481
    -409.000       0.015664      -0.015474       0.415557
    -408.000       0.015795      -0.015622       0.413464
    -407.000       0.015899      -0.014268       0.411247
    -406.000       0.016007      -0.011532       0.408948
    -405.000       0.016059      -0.007645       0.406622
    -404.000       0.016040      -0.002909       0.404319
    -403.000       0.016067       0.002017       0.402084
    -402.000       0.016003       0.006840       0.399970
    -401.000       0.015906       0.010923       0.398021
    -400.000       0.015810       0.013871       0.396273
    -399.000       0.015633       0.015375       0.394763
    -398.000       0.015498       0.015353       0.393519
    -397.000       0.015211       0.013662       0.392558
    -396.000       0.015013       0.010722       0.391897
    -395.000       0.014746       0.006713       0.391550
    -394.000       0.014383       0.002171       0.391513
    -393.000       0.014090      -0.002407       0.391791
    -392.000       0.013717      -0.006493       0.392377
    -391.000       0.013299      -0.009737       0.393259
    -390.000       0.012893      -0.011723       0.394422
    -389.000       0.012414      -0.012348       0.395845
    -388.000       0.011948      -0.011649       0.397496
    -387.000       0.011403      -0.009725       0.399346
    -386.000       0.010825      -0.006924       0.401359
    -385.000       0.010319      -0.003653       0.403491
    -384.000       0.009630      -0.000268       0.405703
    -383.000       0.009049       0.002761       0.407953
    -382.000       0.008425       0.005095       0.410193
    -381.000       0.007766       0.006557       0.412385
    -380.000       0.007124       0.006972       0.414488
    -379.000       0.006494       0.006413       0.416461
    -378.000       0.005904       0.005014       0.418268
    -377.000       0.005334       0.003065       0.419879
    -376.000       0.004816       0.000821       0.421255
    -375.000       0.004480      -0.001273       0.422368
    -374.000       0.004219      -0.002989       0.423195
    -373.000       0.004155      -0.004002       0.423706
    -372.000       0.004298      -0.004188       0.423886
    -371.000       0.004592      -0.003445       0.423720
    -370.000       0.005100      -0.001949       0.423199
    -369.000       0.005604       0.000255       0.422324
    -368.000       0.006290       0.002703       0.421106
    -367.000       0.007047       0.005202       0.419558
    -366.000       0.007766       0.007259       0.417712
    -365.000       0.008607       0.008606       0.415601
    -364.000       0.009421       0.008895       0.413264
    -363.000       0.010315       0.008029       0.410755
    -362.000       0.011160       0.005925       0.408130
    -361.000       0.012031       0.002727       0.405442
    -360.000       0.012987      -0.001271       0.402762
    -359.000       0.013802      -0.005666       0.400152
    -358.000       0.014723      -0.009995       0.397681
    -357.000       0.015601      -0.013645       0.395418
    -356.000       0.016469      -0.016195       0.393427
    -355.000       0.017327      -0.017168       0.391768
    -354.000       0.018161      -0.016341       0.390499
    -353.000       0.019023      -0.013620       0.389660
    -352.000       0.019834      -0.009231       0.389280
    -351.000       0.020598      -0.003428       0.389384
    -350.000       0.021445       0.003116       0.389964
    -349.000       0.022182       0.009848       0.391006
    -348.000       0.022906       0.015961       0.392485
    -347.000       0.023692       0.020893       0.394350
    -346.000       0.024359       0.023955       0.396545
    -345.000       0.025086       0.024895       0.399011
    -344.000       0.025727       0.023431       0.401667
    -343.000       0.026397       0.019702       0.404441
    -342.000       0.027039       0.013974       0.407257
    -341.000       0.027606       0.006731       0.410034
    -340.000       0.028215      -0.001378       0.412699
    -339.000       0.028811      -0.009682       0.415185
    -338.000       0.029270      -0.017354       0.417422
    -337.000       0.029858      -0.023827       0.419359
    -336.000       0.030333      -0.028416       0.420948
    -335.000       0.030795      -0.030721       0.422149
    -334.000       0.031251      -0.030518       0.422937
    -333.000       0.031691      -0.027775       0.423298
    -332.000       0.032109      -0.022587       0.423221
    -331.000       0.032477      -0.015497       0.422720
    -330.000       0.032868      -0.006873       0.421811
    -329.000       0.033241       0.002487       0.420520
    -328.000       0.033554       0.011823       0.418892
    -327.000       0.033867       0.020423       0.416972
    -326.000       0.034212       0.027487       0.414812
    -325.000       0.034447       0.032374       0.412482
    -324.000       0.034733       0.034669       0.410043
    -323.000       0.034979       0.034076       0.407561
    -322.000       0.035202       0.030546       0.405111
    -321.000       0.035415       0.024407       0.402756
    -320.000       0.035579       0.016074       0.400562
    -319.000       0.035806       0.006196       0.398592
    -318.000       0.035905      -0.004246       0.396899
    -317.000       0.036043      -0.014479       0.395526
    -316.000       0.036191      -0.023535       0.394512
    -315.000       0.036257      -0.030563       0.393874
    -314.000       0.036318      -0.034981       0.393627
    -313.000       0.036409      -0.036401       0.393767
    -312.000       0.036410      -0.034596       0.394276
    -311.000       0.036439      -0.029875       0.395128
    -310.000       0.036418      -0.022573       0.396289
    -309.000       0.036400      -0.013364       0.397712
    -308.000       0.036378      -0.003078       0.399351
    -307.000       0.036241       0.007359       0.401152
    -306.000       0.036233       0.017162       0.403062
    -305.000       0.036089       0.025411       0.405029
    -304.000       0.035931       0.031473       0.407003
    -303.000       0.035828       0.034969       0.408931
    -302.000       0.035620       0.035544       0.410772
    -301.000       0.035395       0.033279       0.412481
    -300.000       0.035193       0.028473       0.414024
    -299.000       0.034891       0.021442       0.415372
    -298.000       0.034645       0.012902       0.416498
    -297.000       0.034269       0.003550       0.417386
    -296.000       0.033957      -0.005889       0.418025
    -295.000       0.033583      -0.014685       0.418409
    -294.000       0.033150      -0.022065       0.418537
    -293.000       0.032731      -0.027640       0.418416
    -292.000       0.032300      -0.030944       0.418053
    -291.000       0.031775      -0.031772       0.417459
    -290.000       0.031280      -0.030232       0.416650
    -289.000       0.030771      -0.026492       0.415641
    -288.000       0.030191      -0.020826       0.414449
    -287.000       0.029637      -0.013944       0.413099
    -286.000       0.029043      -0.006265       0.411607
    -285.000       0.028476       0.001607       0.410002
    -284.000       0.027834       0.008900       0.408307
    -283.000       0.027233       0.015294       0.406555
    -282.000       0.026658       0.020296       0.404775
    -281.000       0.026003       0.023540       0.403006
    -280.000       0.025407       0.025034       0.401281
    -279.000       0.024845       0.024745       0.399639
    -278.000       0.024234       0.022731       0.398119
    -277.000       0.023666       0.019362       0.396758
    -276.000       0.023163       0.014976       0.395589
    -275.000       0.022617       0.009754       0.394645
    -274.000       0.022184       0.004324       0.393951
    -273.000       0.021712      -0.001134       0.393530
    -272.000       0.021398      -0.006316       0.393401
    -271.000       0.021050      -0.010874       0.393577
    -270.000       0.020798      -0.014666       0.394064
    -269.000       0.020689      -0.017671       0.394869
    -268.000       0.020562      -0.019574       0.395987
    -267.000       0.020563      -0.020508       0.397404
    -266.000       0.020703      -0.020436       0.399106
    -265.000       0.020851      -0.019225       0.401061
    -264.000       0.021132      -0.017023       0.403233
    -263.000       0.021501      -0.013882       0.405578
    -262.000       0.021946      -0.009796       0.408041
    -261.000       0.022467      -0.004947       0.410560
    -260.000       0.023044       0.000358       0.413081
    -259.000       0.023734       0.006147       0.415531
    -258.000       0.024437       0.011834       0.417848
    -257.000       0.025186       0.017207       0.419976
    -256.000       0.026038       0.021934       0.421854
    -255.000       0.026895       0.025546       0.423428
    -254.000       0.027735       0.027675       0.424662
    -253.000       0.028717       0.028203       0.425509
    -252.000       0.029607       0.026708       0.425945
    -251.000       0.030559       0.023259       0.425948
    -250.000       0.031516       0.017939       0.425501
    -249.000       0.032474       0.010897       0.424606
    -248.000       0.033412       0.002545       0.423273
    -247.000       0.034358      -0.006470       0.421512
    -246.000       0.035277      -0.015656       0.419359
    -245.000       0.036230      -0.024208       0.416855
    -244.000       0.037085      -0.031326       0.414046
    -243.000       0.037982      -0.036412       0.411000
    -242.000       0.038894      -0.038892       0.407791
    -241.000       0.039654      -0.038187       0.404493
    -240.000       0.040534      -0.034419       0.401200
    -239.000       0.041314      -0.027488       0.398002
    -238.000       0.042049      -0.017867       0.394987
    -237.000       0.042808      -0.006334       0.392253
    -236.000       0.043484       0.006200       0.389880
    -235.000       0.044183       0.018773       0.387940
    -234.000       0.044790       0.029958       0.386505
    -233.000       0.045385       0.038888       0.385617
    -232.000       0.045996       0.044625       0.385302
    -231.000       0.046481       0.046419       0.385583
    -230.000       0.046954       0.044133       0.386442
    -229.000       0.047476       0.037976       0.387854
    -228.000       0.047795       0.028210       0.389779
    -227.000       0.048213       0.015970       0.392148
    -226.000       0.048525       0.002231       0.394887
    -225.000       0.048819      -0.011904       0.397918
    -224.000       0.049067      -0.025026       0.401142
    -223.000       0.049275      -0.036102       0.404469
    -222.000       0.049488      -0.044317       0.407813
    -221.000       0.049622      -0.048837       0.411078
    -220.000       0.049721      -0.049445       0.414186
    -219.000       0.049864      -0.046193       0.417071
    -218.000       0.049889      -0.039220       0.419659
    -217.000       0.049920      -0.029232       0.421904
    -216.000       0.049952      -0.017067       0.423762
    -215.000       0.049927      -0.003570       0.425197
    -214.000       0.049888       0.010164       0.426189
    -213.000       0.049808       0.022963       0.426730
    -212.000       0.049754       0.034120       0.426813
    -211.000       0.049617       0.042547       0.426453
    -210.000       0.049475       0.047741       0.425668
    -209.000       0.049333       0.049331       0.424482
    -208.000       0.049181       0.047183       0.422937
    -207.000       0.048920       0.041382       0.421074
    -206.000       0.048776       0.032589       0.418940
    -205.000       0.048528       0.021254       0.416595
    -204.000       0.048262       0.008388       0.414094
    -203.000       0.048042      -0.005026       0.411493
    -202.000       0.047750      -0.017931       0.408860
    -201.000       0.047493      -0.029393       0.406252
    -200.000       0.047170      -0.038336       0.403725
    -199.000       0.046877      -0.044210       0.401336
    -198.000       0.046592      -0.046524       0.399136
    -197.000       0.046214      -0.045004       0.397163
    -196.000       0.045893      -0.039944       0.395460
    -195.000       0.045586      -0.031768       0.394053
    -194.000       0.045159      -0.021055       0.392963
    -193.000       0.044820      -0.008903       0.392205
    -192.000       0.044446       0.003778       0.391784
    -191.000       0.044007       0.015948       0.391696
    -190.000       0.043632       0.026580       0.391935
    -189.000       0.043148       0.034801       0.392484
    -188.000       0.042759       0.040202       0.393322
    -187.000       0.042244       0.042152       0.394425
    -186.000       0.041765       0.040795       0.395764
    -185.000       0.041316       0.036310       0.397307
    -184.000       0.040779       0.029083       0.399021
    -183.000       0.040246       0.019796       0.400871
    -182.000       0.039795       0.009381       0.402821
    -181.000       0.039217      -0.001567       0.404836
    -180.000       0.038702      -0.011978       0.406877
    -179.000       0.038174      -0.021144       0.408908
    -178.000       0.037635      -0.028546       0.410892
    -177.000       0.037079      -0.033549       0.412792
    -176.000       0.036526      -0.035988       0.414569
    -175.000       0.035987      -0.035816       0.416191
    -174.000       0.035432      -0.033139       0.417621
    -173.000       0.034841      -0.028214       0.418830
    -172.000       0.034329      -0.021642       0.419794
    -171.000       0.033761      -0.013777       0.420490
    -170.000       0.033174      -0.005321       0.420898
    -169.000       0.032685       0.003143       0.421012
    -168.000       0.032105       0.011102       0.420822
    -167.000       0.031603       0.018081       0.420325
    -166.000       0.031076       0.023578       0.419526
    -165.000       0.030607       0.027481       0.418434
    -164.000       0.030136       0.029517       0.417061
    -163.000       0.029677       0.029646       0.415433
    -162.000       0.029296       0.028010       0.413573
    -161.000       0.028934       0.024708       0.411517
    -160.000       0.028570       0.019977       0.409309
    -159.000       0.028326       0.014181       0.406997
    -158.000       0.028109       0.007615       0.404636
    -157.000       0.027889       0.000653       0.402290
    -156.000       0.027830      -0.006277       0.400023
    -155.000       0.027761      -0.012798       0.397901
    -154.000       0.027779      -0.018607       0.395997
    -153.000       0.027847      -0.023237       0.394366
    -152.000       0.028004      -0.026504       0.393073
    -151.000       0.028196      -0.028129       0.392163
    -150.000       0.028439      -0.027948       0.391670
    -149.000       0.028757      -0.025927       0.391619
    -148.000       0.029143      -0.022140       0.392020
    -147.000       0.029516      -0.016697       0.392859
    -146.000       0.029974      -0.009953       0.394122
    -145.000       0.030524      -0.002279       0.395771
    -144.000       0.030976       0.005839       0.397756
    -143.000       0.031582       0.013872       0.400026
    -142.000       0.032159       0.021179       0.402514
    -141.000       0.032735       0.027299       0.405144
    -140.000       0.033369       0.031682       0.407850
    -139.000       0.033971       0.033923       0.410549
    -138.000       0.034618       0.033823       0.413162
    -137.000       0.035247       0.031242       0.415622
    -136.000       0.035826       0.026254       0.417852
    -135.000       0.036557       0.019217       0.419790
    -134.000       0.037082       0.010443       0.421384
    -133.000       0.037717       0.000619       0.422583
    -132.000       0.038348      -0.009605       0.423356
    -131.000       0.038882      -0.019454       0.423683
    -130.000       0.039446      -0.028188       0.423548
    -129.000       0.039999      -0.035030       0.422956
    -128.000       0.040489      -0.039442       0.421922
    -127.000       0.040986      -0.040942       0.420467
    -126.000       0.041410      -0.039274       0.418631
    -125.000       0.041862      -0.034514       0.416464
    -124.000       0.042243      -0.026880       0.414014
    -123.000       0.042547      -0.016901       0.411355
    -122.000       0.042919      -0.005352       0.408558
    -121.000       0.043149       0.006873       0.405698
    -120.000       0.043371       0.018751       0.402861
    -119.000       0.043578       0.029223       0.400130
    -118.000       0.043722       0.037378       0.397578
    -117.000       0.043813       0.042419       0.395291
    -116.000       0.043877       0.043845       0.393330
    -115.000       0.043921       0.041499       0.391752
    -114.000       0.043884       0.035501       0.390609
    -113.000       0.043839       0.026454       0.389928
    -112.000       0.043729       0.015061       0.389723
    -111.000       0.043647       0.002467       0.390002
    -110.000       0.043416      -0.010274       0.390745
    -109.000       0.043249      -0.021970       0.391923
    -108.000       0.043031      -0.031654       0.393500
    -107.000       0.042723      -0.038444       0.395420
    -106.000       0.042452      -0.041907       0.397622
    -105.000       0.042123      -0.041776       0.400045
    -104.000       0.041769      -0.038162       0.402617
    -103.000       0.041378      -0.031554       0.405267
    -102.000       0.040965      -0.022512       0.407930
    -101.000       0.040563      -0.011890       0.410536
    -100.000       0.040060      -0.000650       0.413027
     -99.000       0.039585       0.010357       0.415346
     -98.000       0.039143       0.020276       0.417442
     -97.000       0.038553       0.028256       0.419275
     -96.000       0.038087       0.033950       0.420814
     -95.000       0.037539       0.036824       0.422029
     -94.000       0.036998       0.036876       0.422907
     -93.000       0.036448       0.034174       0.423437
     -92.000       0.035875       0.029036       0.423616
     -91.000       0.035320       0.021885       0.423447
     -90.000       0.034743       0.013422       0.422944
     -89.000       0.034106       0.004219       0.422116
     -88.000       0.033598      -0.004962       0.420989
     -87.000       0.032938      -0.013456       0.419586
     -86.000       0.032347      -0.020660       0.417934
     -85.000       0.031800      -0.026138       0.416068
     -84.000       0.031158      -0.029446       0.414026
     -83.000       0.030581      -0.030527       0.411843
     -82.000       0.029987      -0.029319       0.409563
     -81.000       0.029404      -0.025989       0.407229
     -80.000       0.028805      -0.020866       0.404882
     -79.000       0.028209      -0.014435       0.402568
     -78.000       0.027646      -0.007119       0.400331
     -77.000       0.027078       0.000386       0.398211
     -76.000       0.026470       0.007594       0.396251
     -75.000       0.025952       0.013932       0.394494
     -74.000       0.025408       0.018993       0.392974
     -73.000       0.024808       0.022350       0.391730
     -72.000       0.024345       0.023982       0.390792
     -71.000       0.023790       0.023659       0.390186
     -70.000       0.023280       0.021594       0.389932
     -69.000       0.022777       0.018031       0.390046
     -68.000       0.022294       0.013261       0.390526
     -67.000       0.021793       0.007697       0.391374
     -66.000       0.021311       0.001923       0.392575
     -65.000       0.020822      -0.003805       0.394106
     -64.000       0.020389      -0.008916       0.395941
     -63.000       0.019863      -0.013117       0.398044
     -62.000       0.019417      -0.016199       0.400368
     -61.000       0.018983      -0.018015       0.402868
     -60.000       0.018469      -0.018438       0.405491
     -59.000       0.018044      -0.017684       0.408178
     -58.000       0.017605      -0.015823       0.410873
     -57.000       0.017156      -0.012989       0.413520
     -56.000       0.016739      -0.009617       0.416056
     -55.000       0.016330      -0.005809       0.418427
     -54.000       0.015961      -0.001846       0.420580
     -53.000       0.015571       0.001931       0.422461
     -52.000       0.015217       0.005416       0.424028
     -51.000       0.014958       0.008504       0.425238
     -50.000       0.014600       0.010842       0.426058
     -49.000       0.014385       0.012643       0.426465
     -48.000       0.014182       0.013680       0.426440
     -47.000       0.013987       0.013979       0.425972
     -46.000       0.013843       0.013573       0.425073
     -45.000       0.013793       0.012566       0.423749
     -44.000       0.013706       0.010816       0.422025
     -43.000       0.013719       0.008626       0.419940
     -42.000       0.013735       0.005946       0.417532
     -41.000       0.013824       0.002863       0.414853
     -40.000       0.013929      -0.000398       0.411970
     -39.000       0.014039      -0.003722       0.408943
     -38.000       0.014271      -0.007044       0.405849
     -37.000       0.014424      -0.009970       0.402768
     -36.000       0.014652      -0.012452       0.399776
     -35.000       0.014942      -0.014281       0.396955
     -34.000       0.015175      -0.015164       0.394391
     -33.000       0.015450      -0.015053       0.392148
     -32.000       0.015778      -0.013914       0.390297
     -31.000       0.016045      -0.011574       0.388898
     -30.000       0.016366      -0.008302       0.387985
     -29.000       0.016652      -0.004237       0.387589
     -28.000       0.016967       0.000386       0.387721
     -27.000       0.017279       0.005200       0.388368
     -26.000       0.017507       0.009664       0.389510
     -25.000       0.017868       0.013672       0.391108
     -24.000       0.018095       0.016555       0.393101
     -23.000       0.018341       0.018185       0.395433
     -22.000       0.018617       0.018394       0.398027
     -21.000       0.018835       0.017038       0.400800
     -20.000       0.019003       0.014191       0.403677
     -19.000       0.019223       0.010214       0.406577
     -18.000       0.019347       0.005234       0.409413
     -17.000       0.019487      -0.000241       0.412123
     -16.000       0.019560      -0.005689       0.414634
     -15.000       0.019635      -0.010779       0.416887
     -14.000       0.019679      -0.015001       0.418835
     -13.000       0.019651      -0.017942       0.420436
     -12.000       0.019613      -0.019440       0.421658
     -11.000       0.019597      -0.019374       0.422486
     -10.000       0.019425      -0.017566       0.422906
      -9.000       0.019325      -0.014453       0.422918
      -8.000       0.019180      -0.010122       0.422536
      -7.000       0.018937      -0.004952       0.421777
      -6.000       0.018748       0.000461       0.420667
      -5.000       0.018453       0.005727       0.419247
      -4.000       0.018211       0.010453       0.417555
      -3.000       0.017846       0.014018       0.415639
      -2.000       0.017497       0.016308       0.413555
      -1.000       0.017161       0.017116       0.411353
       0.000       0.016702       0.016280       0.409093
