MCD	Age (ka BP)	Terrigenous %
0.04	6.35	18.94
0.24	8.71	17.96
0.44	11.07	26.48
0.64	13.43	44.77
0.84	15.79	35.34
1.04	18.42	33.99
1.24	22.52	38.6
1.44	26.62	32.85
1.64	30.73	35.5
1.84	34.83	32.34
2.04	38.94	27.03
2.24	43.04	30.65
2.44	47.15	37.52
2.64	51.25	23.08
2.84	55.35	26.75
3.04	59.46	27.89
3.24	63.56	37.49
3.44	68.9	37.67
3.64	74.9	27.12
3.84	81.42	28.61
4.04	90.92	22.32
4.24	100.4	19.9
4.44	109.6	23.58
4.64	118.8	28.85
4.84	124	19.2
5.04	127.2	35.89
5.24	130.3	38.65
5.43	133.3	37.15
5.58	135.7	30.28
5.74	138.5	32.06
5.94	142	34.24
6.14	145.4	38.86
6.34	148.9	44.92
6.54	152.4	39.31
6.74	155.9	47.95
6.94	159.3	50.96
7.14	162.8	30.6
7.34	166.3	33.53
7.54	169.8	41.73
7.74	174.1	34.09
7.94	178.9	39.52
8.14	184.3	35.07
8.34	193.2	16.67
8.54	202	20.46
8.74	210.9	21.53
8.94	219	15.48
9.14	222.9	31.12
9.34	226.8	37.17
9.54	230.7	27.6
9.74	234.7	27.77
9.94	238.5	22.23
10.14	242.2	31.94
10.34	245.9	36.37
10.54	249.5	31.71
10.74	252.8	27.04
10.94	256.2	29.54
11.14	259.5	28.92
11.34	262.8	38.72
11.54	266.2	40.92
11.74	270.3	37.43
11.94	279.3	27.78
12.05	279.55	21.89
12.1	281.3	17.87
12.15	283.06	14.85
12.2	284.82	15.36
12.25	286.58	15.86
12.3	288.33	17.37
12.35	290.09	17.87
12.4	291.85	18.37
12.45	293.61	19.88
12.5	295.36	22.39
12.55	297.06	22.39
12.6	298.6	20.38
12.65	300.14	19.88
12.7	301.69	19.38
12.75	303.23	18.37
12.8	304.77	18.87
12.85	306.32	16.36
12.9	307.86	14.35
12.95	309.4	13.35
13	310.95	13.35
13.05	312.49	15.86
13.15	315.58	17.87
13.2	317.12	16.86
13.25	318.66	15.36
13.3	320.2	14.85
13.35	321.75	14.35
13.4	323.29	14.35
13.45	324.83	14.85
13.5	326.38	14.35
13.55	327.55	13.35
13.6	328.58	12.84
13.65	329.62	15.36
13.7	330.66	16.36
13.75	331.69	16.86
13.8	332.73	18.87
13.85	333.77	18.87
13.9	334.81	19.88
13.95	335.84	19.88
14	336.88	19.38
14.05	337.92	23.4
14.1	338.95	23.4
14.2	341.03	23.9
14.25	341.92	25.41
14.3	342.77	24.91
14.35	343.61	25.41
14.4	344.46	23.9
14.45	345.31	24.91
14.5	346.15	24.4
14.55	347	23.4
14.6	347.84	22.9
14.65	348.69	22.9
14.7	349.54	22.39
14.75	350.38	22.9
14.8	351.23	22.9
14.85	352.08	22.39
14.9	352.92	23.9
14.95	353.77	24.91
15	354.62	26.41
15.05	355.46	26.41
15.1	356.31	25.91
15.15	357.16	24.4
15.2	358	22.39
15.25	358.85	24.4
15.3	359.7	24.4
15.35	360.54	22.39
15.4	361.39	19.88
15.45	362.24	22.39
15.5	363.08	20.88
15.55	363.93	20.88
15.6	364.77	19.88
15.7	366.47	19.88
15.75	367.31	20.38
15.8	368.16	19.38
15.85	369.01	21.39
15.9	369.85	19.88
15.95	370.7	18.87
16	371.55	16.36
16.05	372.39	18.87
16.1	373.24	19.88
16.15	374.09	18.37
16.2	374.93	15.86
16.25	375.78	14.35
16.3	376.63	14.85
16.35	377.47	14.85
16.4	378.32	15.86
16.45	379.17	16.86
16.5	380.11	15.86
16.55	381.77	16.36
16.6	383.44	18.87
16.65	385.11	20.38
16.7	386.77	21.39
16.75	388.44	17.37
16.8	390.11	14.85
16.85	391.77	12.84
16.9	393.44	11.84
16.95	395.11	12.84
17	396.77	12.84
17.05	398.44	12.34
17.1	400.11	13.35
17.2	402.92	12.34
17.25	404.11	12.84
17.3	405.3	13.35
17.35	406.49	14.85
17.4	407.68	16.86
17.45	408.87	18.87
17.5	410.05	23.9
17.55	411.24	25.91
17.6	412.43	27.92
17.65	413.62	30.94
17.7	414.81	29.43
17.75	416.38	30.94
17.8	418	29.43
17.85	419.62	27.42
17.9	421.24	25.41
17.95	422.86	22.39
18	424.48	22.39
18.05	426.1	22.9
18.1	427.72	22.39
18.15	429.34	24.4
18.2	430.96	27.42
18.25	432.59	29.93
18.3	434.21	27.42
18.35	435.83	27.92
18.4	437.45	25.41
18.45	439.07	23.4
18.5	440.69	22.39
18.55	442.31	21.89
18.6	443.93	20.88
18.7	447.17	20.88
18.75	448.79	20.38
18.8	450.41	20.88
18.85	452.03	19.88
18.9	453.65	19.38
18.95	455.27	19.88
19	456.89	19.88
19.05	458.51	22.9
19.1	460.13	22.9
19.15	461.75	23.9
19.2	463.35	24.4
19.25	464.77	24.4
19.3	466.2	27.42
19.35	467.82	27.42
19.4	469.43	22.9
19.45	471.05	20.38
19.5	472.67	19.88
19.55	474.29	19.38
19.6	475.91	17.37
19.65	477.53	20.38
19.7	479.15	23.9
19.75	480.77	23.9
19.8	482.39	24.91
19.85	484.01	21.89
19.9	485.63	20.88
19.95	487.25	20.38
20	488.87	19.88
20.05	490.49	19.38
20.1	492.11	21.39
20.2	495.35	22.39
20.25	496.97	20.38
20.3	498.59	19.38
20.35	500.21	22.39
20.4	501.83	26.41
20.45	503.45	27.92
20.5	505.18	27.92
20.55	507.04	26.92
20.6	508.89	23.4
20.65	510.75	23.4
20.7	512.6	23.4
20.75	514.46	21.89
20.8	516.31	23.4
20.85	518.16	22.39
20.9	520.02	20.38
20.95	521.87	19.88
21	523.73	20.88
21.05	525.58	22.9
21.1	527.44	21.39
21.15	529.29	19.88
21.2	531.15	19.88
21.25	533	20.88
21.3	534.86	20.88
21.35	536.71	23.9
21.4	538.56	26.41
21.45	540.42	26.92
21.5	542.27	25.91
21.55	544.13	27.42
21.6	545.98	24.91
21.7	549.69	23.9
21.75	551.55	26.41
21.8	553.4	26.41
21.85	555.26	26.41
21.9	557.11	26.92
21.95	558.97	26.41
22	560.82	26.92
22.05	562.67	26.92
22.1	564.53	21.89
22.15	566.38	18.37
22.2	568.24	17.37
22.25	570.36	16.36
22.3	573.04	16.86
22.35	575.72	24.91
22.4	578.4	26.41
22.45	581.09	26.41
22.5	583.76	23.4
22.55	586.44	25.91
22.6	589.13	27.42
22.65	591.8	24.91
22.7	594.48	23.4
22.75	597.17	23.4
22.8	599.84	23.4
22.85	602.53	23.9
22.9	605.21	20.38
22.95	607.88	20.38
23	610.57	20.38
23.05	613.25	19.38
23.1	615.92	24.91
23.2	621.29	20.88
23.25	623.97	21.89
23.3	626.65	30.94
23.35	628.83	31.94
23.4	629.53	30.44
23.45	630.24	30.44
23.5	630.94	29.43
23.55	631.65	29.43
23.6	632.35	27.92
23.65	633.06	27.92
23.7	633.76	27.42
23.75	634.47	27.42
23.8	635.18	28.93
23.85	635.88	26.41
23.9	636.59	24.4
23.95	637.29	24.4
24	638	24.4
24.05	638.7	26.41
24.1	639.41	25.91
24.15	640.11	24.4
24.2	640.82	23.9
24.3	642.23	21.89
24.35	642.93	21.89
24.4	643.64	23.9
24.45	644.34	26.92
24.5	645.05	26.41
24.55	645.76	24.91
24.6	646.46	23.9
24.65	647.17	23.9
24.7	647.87	25.41
24.75	648.58	26.92
24.8	649.28	26.92
24.85	649.99	29.43
24.9	650.69	30.44
24.95	651.4	28.42
25	652.1	30.94
25.05	652.81	32.45
25.1	653.51	31.94
25.15	654.22	33.45
25.2	654.93	35.96
25.25	655.63	35.96
25.3	656.34	33.45
25.35	657.04	31.94
25.4	657.75	29.93
25.45	658.45	28.93
25.5	659.16	27.92
25.55	659.86	27.42
25.6	660.57	30.94
25.65	661.27	31.44
25.7	661.98	29.43
25.8	663.39	24.91
25.85	664.09	25.41
25.9	664.8	26.92
25.95	665.51	28.42
26	666.21	28.93
26.05	666.92	31.94
26.1	668.26	33.45
26.15	670.33	32.95
26.2	672.4	27.92
26.25	674.47	19.38
26.3	676.53	17.37
26.35	678.6	18.87
26.4	680.67	18.87
26.45	682.73	18.37
26.5	684.8	18.37
26.55	686.87	16.86
26.6	688.94	14.85
26.65	691.01	13.85
26.7	693.07	13.35
26.75	695.14	13.35
26.8	697.21	12.84
26.85	699.28	12.34
26.9	701.34	14.85
26.95	703.41	20.38
27	705.48	23.9
27.05	707.54	25.41
27.1	709.61	29.93
27.15	711.68	33.95
27.2	713.75	34.96
27.25	715.82	36.97
27.3	717.88	37.47
27.35	719.15	37.98
27.4	720.36	38.48
27.45	721.58	35.46
27.5	722.8	28.42
27.55	724.01	21.39
27.65	726.45	18.87
27.7	727.66	18.87
27.75	728.88	17.37
27.8	730.09	16.36
27.85	731.31	16.36
27.9	732.53	14.85
27.95	733.74	15.36
28	734.98	12.84
28.05	736.64	13.35
28.1	738.3	14.35
28.15	739.96	15.36
28.2	741.62	18.87
28.25	743.29	24.4
28.3	744.95	26.92
28.35	746.61	26.92
28.4	748.27	22.39
28.45	749.93	16.36
28.5	751.59	15.86
28.55	753.25	17.87
28.6	754.91	16.36
28.65	756.58	15.86
28.7	758.24	17.37
28.75	759.9	18.87
28.8	761.56	18.37
28.85	763.22	19.38
28.9	764.88	19.88
28.95	766.54	17.37
29	768.21	17.37
29.05	769.87	16.86
29.15	773.19	20.88
29.2	774.85	21.39
29.25	776.51	20.88
29.3	778.17	19.38
29.35	779.37	16.86
29.4	780.51	16.36
29.45	781.65	16.36
29.5	782.78	18.87
29.55	783.92	21.89
29.6	785.05	25.91
29.65	786.19	27.92
29.7	787.33	30.44
29.75	788.46	30.94
29.8	789.6	30.44
29.85	790.72	29.93
29.9	791.78	29.43
29.95	792.84	30.44
30	793.91	31.94
30.05	794.97	29.43
30.1	796.03	27.42
30.15	797.09	27.92
30.2	798.16	27.42
30.25	799.22	28.42
30.3	800.28	27.42
30.35	801.35	26.41
30.4	802.41	23.4
30.45	803.47	20.88
30.5	804.54	21.39
30.55	805.6	21.89
30.65	807.73	19.88
30.7	808.79	17.37
30.75	809.85	15.36
30.8	810.92	14.35
30.85	811.98	14.35
30.9	813.54	15.36
30.95	815.22	16.36
31	816.91	16.86
31.05	818.58	16.36
31.1	820.27	14.35
31.15	821.95	14.85
31.2	823.63	18.87
31.25	825.31	23.4
31.3	826.99	19.88
31.35	828.67	16.86
31.4	830.35	16.86
31.45	832.03	18.37
31.5	833.71	14.85
31.55	835.39	13.35
31.6	837.07	14.35
31.65	838.75	15.86
31.7	840.43	18.37
31.75	842.11	20.88
31.8	843.79	18.87
31.85	845.47	18.87
31.9	847.15	17.37
31.95	848.83	16.36
32	850.51	15.86
32.05	852.3	15.36
32.15	857.88	23.9
32.2	860.67	28.42
32.25	863.46	30.94
32.3	866.25	31.94
32.35	869.04	33.45
32.4	871.83	35.46
32.45	873.36	35.46
32.5	874.44	35.46
32.55	875.52	31.44
32.6	876.61	29.93
32.65	877.69	31.94
32.7	878.77	33.45
32.75	879.86	33.45
32.8	880.94	32.45
32.85	882.02	31.94
32.9	883.1	29.93
32.95	884.19	29.43
33	885.27	29.93
33.05	886.35	28.42
33.1	887.44	31.44
33.15	888.52	35.46
33.2	889.6	38.98
33.25	890.69	38.98
33.3	891.77	37.98
33.35	892.85	37.47
33.4	893.93	37.47
33.45	895.02	37.47
33.5	896.1	38.98
33.55	897.18	39.48
33.65	899.35	30.44
33.7	900.43	29.43
33.75	901.52	26.41
33.8	902.6	22.9
33.85	903.68	18.87
33.9	904.76	16.36
33.95	905.85	16.86
34	906.93	19.88
34.05	908.01	22.39
34.1	909.1	20.88
34.15	910.18	19.88
34.2	911.26	21.39
34.25	912.35	23.9
34.3	913.43	28.42
34.35	914.51	36.97
34.4	915.59	39.99
34.45	916.68	40.99
34.5	917.76	42.5
34.55	918.84	37.98
34.6	919.93	34.46
34.65	921.01	34.46
34.7	922.09	32.45
34.75	923.17	35.96
34.8	924.26	35.96
34.85	925.34	33.95
34.9	926.42	35.46
34.95	927.51	34.46
35	928.59	30.94
35.05	929.67	29.93
35.1	930.76	32.45
35.15	931.84	32.95
35.2	932.92	30.94
35.25	934	29.93
35.3	935.09	31.44
35.35	936.17	31.94
35.4	937.25	27.92
35.45	938.34	25.41
35.5	939.42	28.93
35.55	940.5	27.42
35.6	941.59	26.41
35.65	942.67	28.93
35.7	943.75	33.45
35.75	944.83	34.96
35.8	945.92	30.44
35.85	947	28.42
35.95	949.17	20.88
36	950.25	17.87
36.05	951.33	14.35
36.1	952.42	12.34
36.15	953.55	14.35
36.2	954.69	21.89
36.25	955.82	30.94
36.3	956.95	33.45
36.35	958.08	31.94
36.4	959.21	32.95
36.45	960.34	33.95
36.5	961.47	33.45
36.55	962.6	30.44
36.6	963.73	27.92
36.65	964.87	26.41
36.7	966	25.91
36.75	967.13	27.42
36.8	968.26	28.42
36.85	969.39	25.41
36.9	970.52	23.9
36.95	971.65	24.91
37	972.78	27.92
37.05	973.91	24.91
37.1	975.05	16.86
37.15	976.18	13.85
37.2	977.31	18.37
37.25	978.44	21.39
37.3	979.57	23.9
37.4	981.83	25.41
37.45	982.96	20.88
37.5	984.1	19.38
37.55	985.23	23.4
37.6	986.36	23.4
37.65	987.49	24.91
37.7	988.62	24.4
37.75	989.75	21.39
37.8	990.88	20.38
37.85	992.01	19.88
37.9	993.14	16.36
37.95	994.27	12.84
38	995.41	10.83
38.05	996.37	9.83
38.1	997.27	11.33
38.15	998.17	12.84
38.2	999.08	17.37
38.25	999.99	24.91
38.3	1000.89	27.42
38.35	1001.79	28.93
38.4	1002.69	28.93
38.45	1003.59	26.92
38.5	1004.5	28.93
38.55	1005.4	25.91
38.6	1006.3	24.4
38.65	1007.2	21.39
38.7	1008.1	21.39
38.75	1009.01	22.9
38.8	1009.91	26.41
38.9	1011.71	27.92
38.95	1012.61	27.42
39	1013.52	22.9
39.05	1014.42	22.9
39.1	1015.33	24.91
39.15	1016.23	21.39
39.2	1017.13	20.88
39.25	1018.03	22.39
39.3	1018.93	21.89
39.35	1019.84	20.38
39.4	1020.74	21.39
39.45	1021.64	21.89
39.5	1022.85	22.39
39.55	1024.8	21.89
39.6	1026.75	18.87
39.65	1028.7	18.37
39.7	1030.66	19.38
39.75	1032.61	22.9
39.8	1034.56	26.41
39.85	1036.51	28.93
39.9	1038.46	30.94
39.95	1040.41	30.94
40	1042.36	31.94
40.05	1044.32	34.46
40.1	1046.27	34.96
40.15	1048.22	36.97
40.2	1050.17	37.47
40.25	1052.12	40.99
40.3	1054.07	44.01
40.4	1057.97	32.95
40.45	1059.93	26.92
40.5	1061.88	20.38
40.55	1063.83	15.86
40.6	1065.78	14.85
40.65	1067.8	16.36
40.7	1069.93	21.39
40.75	1072.06	24.91
40.8	1074.18	24.91
40.85	1076.31	22.39
40.9	1078.43	20.38
40.95	1080.56	19.38
41	1082.68	17.37
41.05	1084.81	18.87
41.1	1086.94	24.91
41.15	1089.06	25.91
41.2	1091.2	27.92
41.25	1093.33	29.93
41.3	1095.45	29.93
41.35	1097.58	29.93
41.4	1099.7	28.42
41.45	1101.83	28.42
41.5	1103.95	25.91
41.55	1106.08	23.4
41.6	1108.21	22.39
41.65	1110.33	20.38
41.7	1111.63	18.37
41.75	1112.88	18.87
41.8	1114.14	19.88
41.9	1116.64	31.94
41.95	1117.91	33.45
42	1119.16	36.97
42.05	1120.42	37.98
42.1	1121.67	32.45
42.15	1122.93	32.95
42.2	1124.18	36.47
42.25	1125.44	34.46
42.3	1126.69	32.45
42.35	1127.95	34.46
42.4	1129.2	34.46
42.45	1130.45	35.96
42.5	1131.71	35.96
42.55	1132.96	35.46
42.6	1134.22	32.45
42.65	1135.47	28.42
42.7	1136.74	27.92
42.75	1137.99	26.92
42.8	1139.25	24.91
42.85	1140.5	22.39
42.9	1141.76	23.4
42.95	1143.01	25.41
43	1144.26	23.9
43.05	1145.52	23.9
43.1	1146.77	24.4
43.15	1148.03	24.4
43.2	1149.28	22.9
43.25	1150.54	20.88
43.3	1152.16	17.87
43.4	1157.66	20.88
43.45	1160.4	20.38
43.5	1163.15	20.38
43.55	1165.89	20.88
43.6	1168.63	21.89
43.65	1171.37	21.39
43.7	1174.11	19.88
43.75	1176.85	19.38
43.8	1179.59	17.37
43.85	1182.34	16.36
43.9	1184.22	18.37
43.95	1185.9	23.4
44	1187.58	24.4
44.05	1189.26	22.9
44.1	1190.94	23.9
44.15	1192.63	26.41
44.2	1194.31	25.41
44.25	1195.98	23.4
44.3	1197.66	22.9
44.35	1199.34	22.39
44.4	1201.02	21.89
44.45	1202.7	21.89
44.5	1204.38	21.39
44.55	1206.05	21.39
44.6	1207.73	21.39
44.65	1209.41	24.4
44.7	1211.09	23.9
44.75	1212.77	20.88
44.8	1214.45	20.88
44.9	1217.81	27.92
44.95	1219.49	28.93
45	1221.17	29.43
45.05	1222.85	28.93
45.1	1224.53	24.91
45.15	1225.5	20.88
45.2	1227.8	17.37
45.25	1228.54	14.35
45.3	1230.35	14.35
45.35	1232.15	14.85
45.4	1233.95	16.36
45.45	1235.75	16.86
45.5	1237.55	18.37
45.55	1239.35	18.37
45.6	1241.16	17.87
45.65	1241.25	18.37
45.7	1243.18	17.37
45.75	1245.1	18.37
45.8	1248.95	23.4
45.9	1250.79	36.47
45.95	1251.69	38.98
46	1252.86	34.96
46.05	1254.03	32.45
46.1	1255.2	32.45
46.15	1256.37	33.45
46.2	1257.54	37.47
46.25	1258.71	37.98
46.3	1259.88	34.46
46.35	1261.05	34.46
46.4	1262.22	34.46
46.45	1263.39	29.43
46.5	1264.56	29.43
46.55	1265.73	32.45
46.6	1266.9	35.96
46.65	1268.07	31.44
46.7	1269.24	29.93
46.75	1270.41	28.93
46.8	1271.58	28.93
46.85	1272.75	28.42
46.9	1273.92	27.42
46.95	1275.08	24.91
47	1276.26	20.88
47.05	1277.42	16.86
47.1	1278.64	15.36
47.15	1280.05	20.88
47.2	1281.46	22.39
47.25	1282.88	25.41
47.3	1284.29	26.92
47.35	1285.71	29.43
47.4	1287.12	28.42
47.45	1288.53	28.93
47.5	1289.94	32.95
47.55	1291.35	31.94
47.6	1292.77	29.93
47.65	1295.6	29.93
47.75	1297.01	29.43
47.8	1298.42	28.42
47.85	1299.84	27.42
47.9	1301.25	29.43
47.95	1302.66	32.95
48	1304.07	34.46
48.05	1305.48	33.95
48.1	1306.9	28.42
48.15	1308.31	29.43
48.2	1309.73	27.42
48.25	1311.14	23.4
48.3	1312.56	18.87
48.35	1313.97	15.86
48.4	1315.38	15.36
48.45	1316.9	17.37
48.5	1318.4	15.86
48.55	1319.91	16.36
48.6	1321.42	20.38
48.65	1322.92	24.4
48.7	1324.43	25.91
48.75	1325.94	27.42
48.8	1327.45	30.44
48.85	1328.95	26.41
48.9	1330.46	31.94
48.95	1331.97	34.46
49	1333.47	32.45
49.05	1334.98	33.45
49.1	1336.49	31.44
49.15	1339.5	29.93
49.25	1341.01	29.43
49.3	1342.52	32.95
49.35	1344.02	36.97
49.4	1345.54	38.98
49.45	1347.04	38.98
49.5	1348.55	31.94
49.55	1350.06	23.9
49.6	1351.56	16.36
49.65	1353.07	15.86
49.7	1354.58	16.36
49.75	1356.09	17.87
49.8	1357.59	18.37
49.85	1359.22	18.87
49.9	1360.97	18.37
49.95	1362.71	17.37
50	1364.46	17.87
50.05	1366.2	17.87
50.1	1367.95	17.37
50.15	1369.7	16.36
50.2	1371.44	15.86
50.25	1373.19	14.85
50.3	1374.93	15.86
50.35	1376.68	19.88
50.4	1378.42	22.9
50.45	1380.16	26.41
50.5	1381.91	27.92
50.55	1383.65	26.41
50.6	1385.4	27.92
50.65	1388.89	29.43
50.75	1390.63	24.4
50.8	1392.37	19.38
50.85	1394.12	15.86
50.9	1395.86	14.85
50.95	1397.85	15.86
51	1400.06	14.85
51.05	1402.26	13.85
51.1	1404.48	14.85
51.15	1406.68	15.36
51.2	1408.9	17.37
51.25	1411.1	23.4
51.3	1413.32	29.43
51.35	1415.52	32.95
51.4	1417.73	36.97
51.45	1419.94	35.96
51.5	1422.15	32.45
51.55	1424.36	30.94
51.6	1426.57	28.93
51.65	1428.77	21.89
51.7	1430.99	19.38
51.75	1433.19	21.39
51.8	1435.41	22.9
51.85	1437.61	24.91
51.9	1439.83	27.42
51.95	1442.03	29.43
52	1444.23	27.42
52.05	1446.45	24.91
52.1	1448.65	20.88
52.15	1452.63	21.89
52.25	1454.59	40.49
52.3	1456.57	42.5
52.35	1458.53	40.49
52.4	1460.51	39.48
52.45	1462.48	39.48
52.5	1464.45	36.97
52.55	1466.42	34.96
52.6	1468.38	35.96
52.65	1470.36	39.48
52.7	1472.32	39.48
52.75	1474.3	42.5
52.8	1476.27	41.49
52.85	1478.23	35.46
52.9	1480.21	28.93
52.95	1482.17	21.89
53	1484.15	23.4
53.05	1486.11	25.91
53.1	1488.09	26.92
53.15	1490.06	23.4
53.2	1492.02	21.89
53.25	1494	23.4
53.3	1495.96	26.41
53.35	1497.94	29.93
53.4	1499.9	29.43
53.45	1501.87	28.93
53.5	1503.84	30.44
53.55	1505.81	30.94
53.6	1507.79	32.95
53.65	1511.73	33.95
53.75	1513.69	26.92
53.8	1515.66	23.4
53.85	1517.63	22.39
53.9	1519.6	21.89
53.95	1522.03	22.9
54	1524.46	26.92
54.05	1526.9	31.44
54.1	1529.34	33.95
54.15	1531.77	33.45
54.2	1534.22	32.95
54.25	1536.65	35.46
54.3	1539.09	38.48
54.35	1541.53	40.99
54.4	1543.96	36.97
54.45	1546.4	33.45
54.5	1548.83	28.42
54.55	1551.28	24.91
54.6	1553.71	29.43
54.65	1556.14	34.96
54.7	1558.59	34.96
54.75	1561.02	31.44
54.8	1563.46	28.93
54.85	1565.89	26.41
54.9	1568.34	26.92
54.95	1570.77	29.43
55	1573.2	31.44
55.05	1575.65	29.93
55.1	1578.08	28.93
55.15	1582.96	26.41
55.25	1585.39	31.94
55.3	1587.83	34.96
55.35	1590.26	38.48
55.4	1592.71	40.49
55.45	1595.14	38.48
55.5	1597.58	31.94
55.55	1600.02	25.91
55.6	1602.45	23.4
55.65	1604.89	23.9
55.7	1607.32	25.41
55.75	1609.77	25.41
55.8	1612.2	26.92
55.85	1614.63	25.41
55.9	1617.08	23.9
55.95	1619.51	23.4
56	1621.95	22.9
56.05	1624.39	22.9
56.1	1629.26	21.89
56.2	1631.69	25.91
56.25	1634.14	29.93
56.3	1636.57	31.94
56.35	1639.02	31.44
56.4	1641.45	27.92
56.45	1643.88	24.4
56.5	1646.32	23.4
56.55	1648.75	24.4
56.6	1651.2	25.41
56.65	1653.63	27.42
56.7	1656.08	26.41
56.75	1658.51	27.42
56.8	1660.94	27.92
56.85	1663.38	30.44
56.9	1665.82	34.96
56.95	1668.26	34.46
57	1670.69	34.96
57.05	1673.12	34.46
57.1	1675.57	33.45
57.15	1678	29.43
57.2	1680.45	29.93
57.25	1682.88	30.44
57.3	1702.37	30.94
57.7	1705.13	56.57
57.75	1707.9	56.57
57.8	1710.69	54.06
57.85	1713.46	49.54
57.9	1716.24	40.49
57.95	1719.02	37.47
58	1721.79	43
58.05	1724.57	47.53
58.1	1727.34	49.03
58.15	1730.13	49.03
58.2	1732.9	44.01
58.25	1735.67	33.45
58.3	1738.45	28.93
58.35	1741.22	31.44
58.4	1744.01	37.47
58.45	1746.55	45.01
58.5	1748.82	47.02
58.55	1751.08	43.5
58.6	1753.33	36.97
58.65	1755.6	31.44
58.7	1757.86	27.92
58.75	1760.12	28.42
58.8	1762.38	28.42
58.85	1764.64	29.93
58.9	1766.9	28.93
58.95	1769.16	26.92
59	1771.43	25.91
59.05	1773.68	24.4
59.1	1778.21	24.91
59.2	1780.46	30.94
59.25	1782.73	36.47
59.3	1784.99	40.49
59.35	1787.26	45.01
59.4	1789.51	42.5
59.45	1791.78	44.01
59.5	1794.22	44.51
59.55	1796.65	46.02
59.6	1799.09	42.5
59.65	1801.52	38.98
59.7	1803.96	33.45
59.75	1806.39	25.91
59.8	1808.81	21.89
59.85	1811.25	28.93
59.9	1813.68	33.95
59.95	1816.12	37.98
60	1818.55	38.48
60.05	1820.98	36.47
60.1	1823.42	29.93
60.15	1825.85	22.39
60.2	1828.29	21.89
60.25	1830.72	29.93
60.3	1833.16	39.99
60.35	1835.59	46.02
60.4	1838.02	48.53
60.45	1840.78	51.55
60.5	1843.89	52.05
60.55	1847.01	49.54
60.6	1853.22	45.01
60.7	1856.35	23.4
60.75	1859.45	26.92
60.8	1862.58	30.44
60.85	1865.68	33.95
60.9	1868.8	36.47
60.95	1871.91	29.43
61	1875.02	26.92
61.05	1878.14	23.9
61.1	1881.25	23.4
61.15	1884.37	23.4
61.2	1887.47	23.4
61.25	1890.58	23.4
61.3	1893.7	21.89
61.35	1896.81	20.88
61.4	1898.82	18.87
61.45	1900.39	18.87
61.5	1901.96	18.87
61.55	1903.53	21.39
61.6	1906.67	23.9
61.7	1908.24	24.91
61.75	1909.81	28.42
61.8	1911.38	30.94
61.85	1912.95	32.45
61.9	1915.04	38.48
61.95	1917.17	39.99
62	1919.31	28.93
62.05	1921.43	21.39
62.1	1923.57	21.89
62.15	1925.69	23.9
62.2	1927.82	26.92
62.25	1929.95	27.92
62.3	1932.08	28.93
62.35	1934.22	28.42
62.4	1936.34	26.41
62.45	1938.47	25.91
62.5	1940.6	23.4
62.55	1942.73	22.39
62.6	1944.86	25.91
62.65	1946.99	30.94
62.7	1949.13	31.44
62.75	1951.25	33.45
62.8	1953.38	36.97
62.85	1955.52	35.96
62.9	1957.65	31.44
62.95	1959.79	27.42
63	1961.92	24.91
63.05	1964.05	23.4
63.1	1966.2	21.89
63.15	1968.33	20.88
63.2	1970.47	19.38
63.25	1972.6	20.88
63.3	1974.73	18.87
63.35	1976.87	19.88
63.4	1980.98	18.87
63.5	1982.94	16.86
63.55	1984.91	20.88
63.6	1986.87	24.91
63.65	1988.83	31.44
63.7	1990.8	33.95
63.75	1992.75	33.45
63.8	1994.72	30.94
63.85	1996.68	31.44
63.9	1998.65	31.44
63.95	2000.61	32.95
64	2002.57	33.95
64.05	2004.53	37.98
64.1	2006.49	36.47
64.15	2008.46	31.94
64.2	2010.42	28.93
64.25	2012.38	21.89
64.3	2014.35	18.37
64.35	2016.31	15.86
64.4	2018.28	14.85
64.45	2020.25	16.86
64.5	2022.24	19.38
64.55	2024.21	19.38
64.6	2026.19	18.37
64.65	2028.17	17.37
64.7	2030.14	17.37
64.75	2032.13	18.37
64.8	2034.1	18.87
64.85	2036.08	18.87
64.9	2040.04	19.38
65	2042.02	19.38
65.05	2043.99	19.38
65.1	2045.98	20.38
65.15	2047.95	20.38
65.2	2049.93	20.38
65.25	2051.91	20.38
65.3	2053.89	20.38
65.35	2055.87	21.39
65.4	2057.84	25.41
65.45	2059.82	30.44
65.5	2061.8	32.95
65.55	2063.78	32.45
65.6	2065.76	33.95
65.65	2067.73	33.45
65.7	2069.71	33.95
65.75	2071.69	33.45
65.8	2073.67	30.94
65.85	2075.65	32.45
65.9	2077.63	33.45
65.95	2079.61	38.48
66	2081.58	42.5
66.05	2083.97	45.52
66.1	2086.52	45.52
66.15	2089.06	42
66.2	2091.61	40.49
66.25	2094.15	31.44
66.3	2096.69	24.91
66.35	2099.24	25.41
66.4	2104.33	36.97
66.5	2106.87	39.48
66.55	2109.42	34.46
66.6	2111.96	34.46
66.65	2114.5	33.95
66.7	2117.05	29.93
66.75	2119.59	28.42
66.8	2122.14	37.47
66.85	2124.11	44.01
66.9	2125.3	45.52
66.95	2126.5	41.49
67	2127.69	33.95
67.05	2128.89	26.41
67.1	2130.09	25.41
67.15	2131.29	22.39
67.2	2132.48	17.87
67.25	2133.67	14.35
67.3	2134.87	13.35
67.35	2136.07	14.35
67.4	2137.27	15.86
67.45	2138.46	16.36
67.5	2139.66	17.87
67.55	2140.86	20.88
67.6	2142.05	23.4
67.65	2143.25	23.9
67.7	2144.44	23.9
67.75	2145.64	21.89
67.8	2146.84	21.89
67.85	2148.03	22.9
67.9	2149.23	24.4
67.95	2150.42	24.4
68	2151.62	21.39
68.05	2152.82	20.88
68.1	2154.01	22.39
68.15	2155.21	26.41
68.2	2156.4	22.9
68.25	2157.6	19.38
68.3	2160	18.87
68.4	2161.19	22.39
68.45	2162.39	22.39
68.5	2163.59	21.89
68.55	2164.78	19.88
68.6	2165.98	20.38
68.65	2167.17	19.88
68.7	2168.37	21.89
68.75	2169.57	23.4
68.8	2170.76	23.4
68.85	2171.96	22.39
68.9	2173.15	22.9
68.95	2174.35	23.4
69	2175.55	24.4
69.05	2176.74	25.41
69.1	2177.94	24.91
69.15	2179.13	24.4
69.2	2180.33	25.41
69.25	2181.53	25.91
69.3	2182.72	21.89
69.35	2183.92	16.86
69.4	2185.13	13.85
69.45	2186.73	12.34
69.5	2188.33	14.85
69.55	2189.93	20.88
69.6	2191.53	27.42
69.65	2193.12	30.44
69.7	2194.73	34.96
69.75	2196.32	37.98
69.8	2199.52	37.47
69.9	2201.12	35.46
69.95	2202.72	33.45
70	2204.31	28.42
70.05	2205.92	22.9
70.1	2207.51	17.87
70.15	2209.12	18.37
70.2	2210.71	23.4
70.25	2212.31	27.92
70.3	2213.91	30.94
70.35	2215.51	32.45
70.4	2217.11	31.94
70.45	2218.71	29.93
70.5	2220.3	29.93
70.55	2221.9	27.42
70.6	2223.5	24.4
70.65	2225.1	18.37
70.7	2226.7	14.35
70.75	2228.34	14.35
70.8	2230.22	17.87
70.85	2232.1	23.4
70.9	2233.99	28.42
70.95	2235.87	29.93
71	2237.76	29.93
71.05	2239.64	29.43
71.1	2241.52	29.43
71.15	2243.41	29.93
71.2	2245.29	29.43
71.25	2247.18	30.94
71.3	2250.95	29.43
71.4	2252.83	22.9
71.45	2254.71	17.87
71.5	2256.48	14.85
71.55	2258.09	13.85
71.6	2259.71	15.36
71.65	2261.32	15.86
71.7	2262.93	17.37
71.75	2264.55	18.37
71.8	2266.16	19.88
71.85	2267.78	19.38
71.9	2269.4	17.87
71.95	2271.02	17.87
72	2272.63	19.38
72.05	2274.24	19.38
72.1	2275.86	18.37
72.15	2277.47	18.37
72.2	2279.09	19.38
72.25	2280.7	20.38
72.3	2282.31	26.41
72.35	2283.93	28.42
72.4	2285.54	28.93
72.45	2287.16	26.41
72.5	2288.78	28.42
72.55	2290.4	31.44
72.6	2292.01	33.95
72.65	2293.62	35.96
72.7	2295.24	37.47
72.75	2296.85	33.95
72.8	2300.08	28.42
72.9	2301.69	16.36
72.95	2303.34	13.85
73	2304.99	14.35
73.05	2306.64	17.37
73.1	2308.29	20.38
73.15	2309.94	22.9
73.2	2311.58	24.91
73.25	2313.23	25.41
73.3	2314.88	23.9
73.35	2316.53	22.9
73.4	2318.18	21.39
73.45	2319.83	21.39
73.5	2321.47	18.87
73.55	2323.13	19.38
73.6	2324.77	27.92
73.65	2326.42	32.95
73.7	2328.07	33.45
73.75	2329.72	34.46
73.8	2331.37	36.97
73.85	2333.01	39.99
73.9	2334.67	39.48
73.95	2336.31	32.95
74	2337.97	28.93
74.05	2339.61	23.4
74.1	2341.26	16.86
74.15	2342.91	14.35
74.2	2344.55	14.85
74.25	2346.07	15.36
74.3	2349.03	17.87
74.4	2350.5	17.87
74.45	2351.98	17.37
74.5	2353.46	17.37
74.55	2354.93	17.87
74.6	2356.41	19.38
74.65	2357.89	19.88
74.7	2359.36	19.38
74.75	2360.84	19.38
74.8	2362.32	20.88
74.85	2363.8	19.88
74.9	2365.27	17.37
74.95	2366.75	16.86
75	2368.23	15.86
75.05	2369.7	15.86
75.1	2371.18	15.86
75.15	2372.66	14.85
75.2	2374.14	14.35
75.25	2375.61	13.35
75.3	2380.04	12.84
75.35	2381.47	11.84
75.4	2382.88	11.84
75.45	2384.31	11.33
75.5	2385.73	12.34
75.55	2389.82	12.34
75.6	2391.18	12.34
75.65	2392.54	12.34
75.7	2393.9	13.35
75.75	2395.26	13.35
75.8	2396.63	13.35
75.85	2397.99	12.84
75.9	2399.34	13.85
75.95	2400.71	14.35
76	2402.07	15.36
76.05	2403.44	15.86
76.1	2404.8	15.36
76.15	2406.16	13.85
76.2	2407.52	12.84
76.25	2408.88	11.84
76.3	2410.25	11.84
76.35	2411.61	10.33
76.4	2412.97	9.83
76.45	2414.33	8.82
76.5	2415.69	8.82
76.55	2417.06	8.32
76.6	2418.42	8.32
76.65	2419.78	7.82
76.7	2421.09	8.32
76.75	2422.31	7.82
76.8	2424.74	7.31
76.9	2425.96	8.32
76.95	2427.18	8.82
77	2428.4	9.83
77.05	2429.62	10.83
77.1	2430.83	12.34
77.15	2432.05	12.34
77.2	2433.27	14.35
77.25	2434.49	17.87
77.3	2435.71	22.9
77.35	2436.93	24.91
77.4	2438.15	21.89
77.45	2439.36	20.38
77.5	2440.58	19.88
77.55	2441.8	19.38
77.6	2443.02	17.87
77.65	2444.24	18.37
77.7	2445.45	20.88
77.75	2446.67	21.39
77.8	2447.89	20.88
77.85	2449.11	23.4
77.9	2450.33	25.41
77.95	2451.55	25.41
78	2452.77	23.9
78.05	2453.98	26.41
78.1	2455.2	26.92
78.15	2456.42	28.42
78.2	2457.64	26.41
78.25	2458.86	22.39
78.3	2460.07	20.38
78.35	2461.29	19.38
78.4	2462.51	16.86
78.45	2463.73	17.37
78.5	2464.95	15.36
78.55	2466.17	14.85
78.6	2467.39	13.85
78.65	2468.6	13.85
78.7	2471.11	12.84
78.8	2472.38	10.83
78.85	2473.63	11.33
78.9	2474.89	11.33
78.95	2476.16	10.33
79	2477.42	13.35
79.05	2478.68	16.36
79.1	2479.94	20.88
79.15	2481.2	26.92
79.2	2482.47	29.93
79.25	2483.72	28.93
79.3	2484.99	26.92
79.35	2486.25	25.91
79.4	2487.51	25.91
79.45	2488.77	25.41
79.5	2490.03	31.44
79.55	2491.3	31.44
79.6	2492.56	26.92
79.65	2493.82	22.9
79.7	2495.08	18.87
79.75	2496.35	17.37
79.8	2497.6	17.37
79.85	2498.86	16.36
79.9	2500.31	16.86
79.95	2501.77	16.36
80	2503.23	16.36
80.05	2504.69	17.37
80.1	2506.15	17.87
80.15	2507.62	18.37
80.2	2510.54	18.87
80.3	2512	23.4
80.35	2513.47	30.94
80.4	2514.93	31.44
80.45	2516.39	27.92
80.5	2517.86	23.9
80.55	2519.31	26.41
80.6	2520.78	27.92
80.65	2522.24	27.42
80.7	2523.7	28.93
80.75	2525.17	27.42
80.8	2526.63	24.4
80.85	2528.09	24.91
80.9	2529.55	26.92
80.95	2531.02	27.92
81	2532.48	26.41
81.05	2533.94	29.43
81.1	2535.4	30.44
81.15	2536.86	31.94
81.2	2538.33	37.98
81.25	2539.79	44.01
81.3	2541.25	40.49
81.35	2542.71	29.43
81.4	2544.17	23.4
81.45	2545.91	18.87
81.5	2548.12	19.38
81.55	2550.33	21.89
81.6	2552.55	23.4
81.65	2554.76	25.41
81.7	2559.19	28.93
81.8	2561.41	32.45
81.85	2563.62	31.94
81.9	2565.83	29.93
81.95	2568.05	28.93
82	2570.26	30.44
82.05	2572.48	33.45
82.1	2574.69	37.47
82.15	2576.9	39.48
82.2	2579.12	36.47
82.25	2581.33	35.96
82.3	2583.55	31.94
82.35	2585.76	24.91
82.4	2587.98	17.37
82.45	2589.85	13.35
82.5	2591.69	14.35
82.55	2593.54	19.38
82.6	2595.38	23.9
82.65	2597.23	27.42
82.7	2599.07	28.93
82.75	2600.91	31.94
82.8	2602.75	33.95
82.85	2604.59	33.45
82.9	2606.44	31.94
82.95	2608.28	30.94
83	2610.13	26.41
83.05	2611.97	18.87
83.1	2613.81	19.38
83.15	2615.66	22.9
83.2	2617.5	24.91
83.25	2619.35	18.37
83.3	2621.19	24.91
83.35	2623.03	24.4
83.4	2624.88	23.4
83.45	2626.72	22.9
83.5	2628.57	21.89
83.55	2630.41	17.87
83.6	2632.33	13.85
83.65	2634.56	11.84
83.7	2636.79	12.34
83.75	2639.04	16.86
83.8	2641.27	20.88
83.85	2643.52	19.38
83.9	2645.75	29.43
83.95	2647.99	32.95
84	2650.23	39.48
84.05	2652.46	40.49
84.1	2654.71	34.96
84.15	2656.94	28.42
84.2	2659.19	21.89
84.25	2661.42	18.87
84.3	2663.65	17.87
84.35	2665.9	19.88
84.4	2668.13	22.39
84.45	2670.38	26.41
84.5	2672.61	30.44
84.55	2674.85	31.44
84.6	2677.09	29.93
84.65	2679.32	25.91
84.7	2683.8	17.87
84.8	2686.05	22.39
84.85	2688.28	27.42
84.9	2690.51	30.94
84.95	2692.56	35.46
85	2694.45	36.47
85.05	2696.34	32.95
85.1	2698.22	28.42
85.15	2700.11	20.38
85.2	2702	13.85
85.25	2703.89	10.83
85.3	2705.78	9.83
85.35	2707.67	11.84
85.4	2709.56	15.36
85.45	2711.44	18.87
85.5	2713.33	21.89
85.55	2715.22	22.9
85.6	2717.11	27.42
85.65	2719	34.46
85.7	2720.89	31.94
85.75	2722.77	33.45
85.8	2724.66	31.94
85.85	2726.55	29.43
85.9	2728.44	24.4
85.95	2730.33	22.39
86	2732.22	18.37
86.05	2734.11	16.36
86.1	2735.99	17.37
86.15	2737.89	17.87
86.2	2741.66	18.37
86.3	2743.55	20.88
86.35	2745.43	20.38
86.4	2747.33	18.87
86.45	2749.21	19.38
86.5	2751.11	20.88
86.55	2752.99	21.89
86.6	2754.88	22.39
86.65	2756.77	21.89
86.7	2758.65	19.88
86.75	2760.55	16.86
86.8	2764.55	14.35
86.9	2766.68	16.36
86.95	2768.81	19.38
87	2770.95	20.88
87.05	2773.07	22.9
87.1	2775.21	23.4
87.15	2777.34	23.4
87.2	2779.48	22.39
87.25	2781.61	22.39
87.3	2783.73	20.88
87.35	2785.87	19.88
87.4	2788	18.87
87.45	2790.14	19.38
87.5	2792.27	18.87
87.55	2794.4	18.37
87.6	2796.53	19.38
87.65	2798.66	20.38
87.7	2800.8	20.88
87.75	2802.93	20.38
87.8	2805.07	18.87
87.85	2807.19	17.37
87.9	2809.32	15.36
87.95	2811.46	13.85
88	2813.59	11.84
88.05	2815.73	12.34
88.1	2817.85	13.35
88.15	2819.98	14.35
88.2	2822.12	15.86
88.25	2824.25	18.87
88.3	2826.39	21.89
88.35	2828.51	21.89
88.4	2830.65	19.88
88.45	2832.78	18.87
88.5	2834.91	18.87
88.55	2837.05	18.87
88.6	2839.17	17.87
88.65	2841.31	17.37
88.7	2843.46	15.86
88.75	2845.84	14.35
88.8	2848.22	13.85
88.85	2850.6	14.35
88.9	2852.98	15.36
88.95	2855.36	15.86
89	2857.74	16.36
89.05	2860.12	17.37
89.1	2862.49	18.87
89.15	2864.88	19.38
89.2	2867.25	21.39
89.25	2869.64	22.9
89.3	2872.01	22.39
89.35	2874.39	21.89
89.4	2876.77	22.39
89.45	2881.53	21.89
89.55	2883.91	21.89
89.6	2886.29	20.88
89.65	2888.49	18.87
89.7	2890.36	18.87
89.75	2892.24	18.87
89.8	2894.11	19.88
89.85	2896	22.39
89.9	2897.87	24.4
89.95	2899.74	25.41
90	2901.62	26.41
90.05	2903.5	26.41
90.1	2905.38	25.91
90.15	2907.25	24.4
90.2	2909.13	23.9
90.25	2911	21.89
90.3	2912.88	20.38
90.35	2914.76	20.38
90.4	2916.63	22.39
90.45	2918.51	24.4
90.5	2920.39	25.91
90.55	2922.39	25.91
90.6	2924.45	26.41
90.65	2926.49	25.91
90.7	2928.55	23.4
90.75	2930.8	20.38
90.8	2932.83	16.36
90.85	2934.85	14.85
90.9	2936.87	16.36
90.95	2939	21.89
91.05	2942.95	28.93
91.1	2944.98	36.47
91.15	2948	40.99
91.2	2952.49	41.49
91.25	2954.1	39.99
91.3	2955.71	37.98
91.35	2957.32	34.46
91.4	2958.93	29.43
91.45	2960.54	23.9
91.5	2962.14	19.88
91.55	2963.76	17.87
91.6	2965.36	19.38
91.65	2966.98	20.88
91.7	2968.58	22.9
91.75	2970.19	23.9
91.8	2971.81	25.91
91.85	2973.41	26.92
91.9	2975.03	28.42
91.95	2976.63	31.44
92	2978.25	30.94
92.05	2979.85	26.41
92.1	2981.46	22.9
92.15	2983.07	19.38
92.2	2984.68	17.87
92.25	2986.29	18.87
92.3	2987.9	21.39
92.35	2989.51	22.9
92.4	2991.12	24.91
92.45	2994.34	26.92
92.55	2995.95	28.93
92.6	2997.56	28.42
92.65	2999.17	26.92
92.7	3000.77	23.9
92.75	3002.39	19.38
92.8	3004	16.86
92.85	3005.61	16.86
92.9	3007.22	18.37
92.95	3008.82	21.39
93	3010.44	22.39
93.05	3012.04	23.9
93.1	3013.66	24.91
93.15	3015.26	26.92
93.2	3016.88	27.92
93.25	3018.48	29.93
93.3	3020.09	32.95
93.35	3021.71	31.94
93.4	3023.31	27.92
93.45	3024.93	23.4
93.5	3026.53	20.38
93.55	3028.14	20.38
93.6	3029.75	24.4
93.65	3031.36	26.92
93.7	3032.97	29.43
93.75	3034.58	32.45
93.8	3036.19	37.47
93.85	3037.8	39.99
93.9	3039.41	42
93.95	3042.63	40.99
94.05	3044.24	33.95
94.1	3045.85	29.43
94.15	3047.45	24.4
94.2	3049.07	18.87
94.25	3050.68	16.86
94.3	3052.29	18.87
94.35	3053.9	22.39
94.4	3055.51	27.42
94.45	3057.12	32.95
94.5	3058.72	35.46
94.55	3060.34	41.49
94.6	3061.94	43.5
94.65	3063.74	48.03
94.7	3065.93	51.04
94.75	3068.17	44.51
94.8	3070.42	37.98
94.85	3072.66	28.42
94.9	3074.91	22.39
94.95	3077.15	21.39
95	3079.4	22.39
95.05	3081.64	25.41
95.1	3083.88	27.42
95.15	3086.13	27.92
95.2	3087.74	26.41
95.25	3089.13	27.42
95.3	3090.52	25.91
95.35	3091.91	25.41
95.4	3093.3	25.41
95.45	3096.08	22.9
95.55	3097.47	14.35
95.6	3098.87	13.85
95.65	3100.25	15.36
95.7	3101.64	15.36
95.75	3103.04	17.87
95.8	3104.42	18.87
95.85	3105.82	20.88
95.9	3107.2	22.39
95.95	3108.59	24.91
96	3109.99	26.41
96.05	3111.37	28.42
96.1	3112.77	29.93
96.15	3114.24	27.92
96.2	3115.78	27.42
96.25	3117.33	27.42
96.3	3118.87	26.92
96.35	3120.42	25.41
96.4	3121.96	21.89
96.45	3123.51	22.9
96.5	3125.05	19.88
96.55	3126.6	18.37
96.6	3128.15	19.38
96.65	3129.69	20.38
96.7	3131.24	21.39
96.75	3132.78	22.9
96.8	3134.33	24.4
96.85	3135.87	26.41
96.9	3137.41	27.42
96.95	3140.74	27.42
97.05	3142.45	27.92
97.1	3144.14	28.93
97.15	3145.84	26.41
97.2	3147.54	24.91
97.25	3149.24	20.88
97.3	3150.94	19.88
97.35	3152.64	21.39
97.4	3154.33	21.39
97.45	3156.04	24.4
97.5	3157.73	27.92
97.55	3159.44	29.43
97.6	3161.66	33.45
97.65	3164.05	35.46
97.7	3166.43	29.93
97.75	3168.81	24.4
97.8	3171.2	21.39
97.85	3173.58	18.87
97.9	3175.97	19.88
97.95	3178.44	23.4
98	3181.15	22.39
98.05	3183.83	19.38
98.1	3186.52	16.86
98.15	3189.65	15.86
98.2	3192.98	13.85
98.25	3196.34	13.85
98.3	3199.67	14.35
98.35	3203.01	14.35
98.4	3206.36	13.85
98.45	3209.7	13.85
98.5	3213.06	12.34
98.55	3216.39	12.84
98.6	3219.73	12.84
98.65	3223.08	13.85
98.7	3226.42	12.34
98.75	3233.11	13.35
98.85	3236.47	13.85
98.9	3239.8	15.36
98.95	3243.14	17.87
99	3246.49	17.37
99.05	3249.83	18.87
99.1	3253.19	20.88
99.15	3256.52	21.89
99.2	3259.88	19.88
99.25	3263.21	18.37
99.3	3266.55	19.88
99.35	3269.91	18.37
99.4	3273.24	19.88
99.45	3276.6	21.89
99.5	3279.93	22.9
99.55	3283.27	23.4
99.6	3286.62	23.4
99.65	3289.96	23.9
99.7	3293.32	21.39
99.75	3296.65	14.85
99.8	3299.99	14.85
99.85	3303.34	16.86
99.9	3306.68	18.37
99.95	3310.03	20.38
100	3313.37	22.39
100.05	3316.73	23.4
100.1	3320.06	21.89
100.15	3323.4	21.39
100.2	3326.75	21.89
100.25	3333.45	20.88
100.35	3336.78	23.4
100.4	3340.12	24.4
100.45	3343.47	22.9
100.5	3346.81	22.9
100.55	3350.16	21.89
100.6	3353.5	22.9
100.65	3356.86	20.88
100.7	3360.19	19.38
100.75	3361.96	19.88
100.8	3363.64	20.38
100.85	3365.31	20.88
100.9	3366.99	23.9
100.95	3368.66	26.92
101	3370.34	28.42
101.05	3372.01	28.93
101.1	3373.69	29.43
101.15	3375.37	27.42
101.2	3377.04	23.9
101.25	3378.72	20.88
101.3	3380.39	18.87
101.35	3382.06	20.88
101.4	3383.75	19.38
101.45	3385.42	20.38
101.5	3387.1	21.39
101.55	3388.77	21.39
101.6	3390.44	22.39
101.65	3392.12	24.91
101.7	3393.8	26.41
101.75	3395.48	26.92
101.8	3397.15	29.43
101.85	3398.83	27.92
101.9	3400.5	28.93
101.95	3402.17	28.42
102	3403.86	27.42
102.05	3405.53	25.91
102.1	3408.88	23.9
102.2	3410.55	16.86
102.25	3412.66	15.36
102.3	3414.82	16.86
102.35	3416.99	17.87
102.4	3419.15	20.88
102.45	3421.31	28.42
102.5	3423.47	28.93
102.55	3425.04	31.94
102.6	3426.29	31.44
102.65	3427.53	27.42
102.7	3428.79	26.41
102.75	3430.03	24.4
102.8	3431.27	20.88
102.85	3432.52	18.37
102.9	3433.77	13.85
102.95	3435.02	13.35
103	3436.26	13.85
103.05	3437.51	16.36
103.1	3438.76	16.36
103.15	3440	16.86
103.2	3441.25	18.37
103.25	3442.5	19.88
103.3	3443.75	21.39
103.35	3444.99	22.39
103.4	3446.24	23.4
103.45	3447.49	20.88
103.5	3448.73	19.38
103.55	3449.98	18.87
103.6	3452.48	15.86
103.7	3453.72	10.83
103.75	3454.97	11.33
103.8	3456.22	14.85
103.85	3457.46	16.86
103.9	3458.71	18.87
103.95	3459.96	19.88
104	3461.2	21.89
104.05	3462.45	22.39
104.1	3463.7	24.91
104.15	3464.95	24.91
104.2	3466.19	25.91
104.25	3467.44	23.4
104.3	3468.69	20.88
104.35	3469.93	17.37
104.4	3471.18	15.86
104.45	3472.43	14.35
104.5	3473.68	11.84
104.55	3474.92	13.35
104.6	3476.41	12.34
104.65	3477.91	11.84
104.7	3479.4	10.83
104.75	3480.91	11.84
104.8	3482.4	13.85
104.85	3483.91	14.85
104.9	3485.4	14.85
104.95	3486.9	16.36
105	3488.4	16.36
105.05	3489.89	16.86
105.1	3492.89	17.87
105.2	3494.39	18.37
105.25	3495.89	19.88
105.3	3497.39	20.38
105.35	3498.89	20.38
105.4	3500.38	19.88
105.45	3501.89	18.87
105.5	3503.38	20.88
105.55	3504.88	19.38
105.6	3506.38	17.87
105.65	3507.88	16.36
105.7	3509.38	16.36
105.75	3510.87	17.87
105.8	3512.37	18.87
105.85	3513.87	19.88
105.9	3515.37	22.39
105.95	3516.87	23.4
106	3518.37	26.92
106.05	3519.87	27.92
106.1	3521.36	28.93
106.15	3522.86	30.44
106.2	3524.36	26.41
106.25	3525.86	21.39
106.3	3527.36	16.86
106.35	3528.97	15.36
106.4	3530.8	13.35
106.45	3532.63	15.86
106.5	3534.45	16.86
106.55	3536.29	19.38
106.6	3538.11	23.4
106.65	3539.95	26.92
106.7	3541.77	27.92
106.75	3543.59	26.41
106.8	3545.43	24.4
106.85	3547.25	22.9
106.9	3550.91	22.9
107	3552.73	19.88
107.05	3554.57	19.88
107.1	3556.39	21.39
107.15	3558.23	21.39
107.2	3560.05	20.88
107.25	3561.88	20.88
107.3	3563.71	18.87
107.35	3565.53	17.87
107.4	3567.37	14.85
107.45	3568.96	10.33
107.5	3570.48	14.85
107.55	3571.99	15.86
107.6	3573.5	18.37
107.65	3575.02	17.37
107.7	3576.53	17.87
107.75	3578.05	18.87
107.8	3579.56	19.88
107.85	3581.08	19.88
107.9	3582.59	19.38
107.95	3584.1	18.87
108	3585.62	17.37
108.05	3587.13	15.36
108.1	3588.65	13.85
108.15	3590.16	13.85
108.2	3591.67	14.35
108.25	3593.19	14.35
108.3	3594.7	15.86
108.35	3596.22	17.37
108.4	3599.25	18.37
108.5	3600.76	17.37
108.55	3602.27	16.86
108.6	3603.79	15.36
108.65	3605.3	13.85
108.7	3606.72	11.84
108.75	3608.13	11.84
108.8	3609.54	12.84
108.85	3610.96	14.35
108.9	3612.36	14.85
108.95	3613.78	16.36
109	3615.19	19.38
109.05	3616.61	19.38
109.1	3618.02	19.88
109.15	3619.43	19.38
109.2	3620.84	18.87
109.25	3622.25	19.38
109.3	3623.67	18.37
109.35	3625.08	16.36
109.4	3626.49	15.36
109.45	3627.91	15.86
109.5	3629.32	20.38
109.55	3630.73	23.4
109.6	3632.14	24.4
109.65	3633.56	27.42
109.7	3634.97	29.93
109.75	3636.38	28.93
109.8	3637.8	25.91
109.85	3639.21	22.9
109.9	3642.03	21.89
110	3643.44	9.83
110.05	3644.86	9.32
110.1	3646.96	9.83
110.15	3649.09	11.33
110.2	3651.21	12.84
110.25	3653.34	13.85
110.3	3655.46	15.36
110.35	3657.58	16.86
110.4	3659.72	18.37
110.45	3661.84	18.37
110.5	3663.97	18.87
110.55	3666.09	19.38
110.6	3668.21	20.38
110.65	3670.34	22.39
110.7	3672.46	25.91
110.75	3674.59	29.43
110.8	3676.71	28.93
110.85	3678.84	24.91
110.9	3680.96	21.89
110.95	3683.08	17.87
111	3685.21	12.34
111.05	3687.33	9.83
111.1	3689.46	9.83
111.15	3691.59	10.83
111.2	3693.71	13.35
111.25	3695.84	15.36
111.3	3697.96	19.38
111.35	3700.09	31.94
111.4	3704.34	34.46
111.5	3706.46	39.48
111.55	3708.58	38.98
111.6	3710.71	38.98
111.65	3712.23	45.52
111.7	3713.62	41.49
111.75	3715.01	37.98
111.8	3716.39	33.45
111.85	3717.78	31.44
111.9	3719.17	27.42
111.95	3720.56	22.9
112	3721.95	18.37
112.05	3723.34	16.36
112.1	3724.73	19.38
112.15	3726.11	19.88
112.2	3727.5	21.89
112.25	3728.89	26.41
112.3	3730.28	29.43
112.35	3731.67	31.44
112.4	3733.05	31.94
112.45	3734.45	27.92
112.5	3735.83	25.41
112.55	3737.23	22.39
112.6	3738.61	20.38
112.65	3740	18.37
112.7	3741.39	14.35
112.75	3742.78	13.85
112.8	3744.17	15.36
112.85	3745.55	18.37
112.9	3748.33	20.88
113	3749.72	24.4
113.05	3751.11	24.91
113.1	3752.5	25.41
113.15	3754.09	25.91
113.2	3755.7	25.41
113.25	3757.31	24.4
113.3	3758.91	22.9
113.35	3760.51	21.39
113.4	3762.12	20.88
113.45	3763.73	20.38
113.5	3765.34	19.88
113.55	3766.94	19.38
113.6	3768.54	16.86
113.65	3768.58	15.86
113.7	3770.24	15.36
113.75	3771.91	16.36
113.8	3773.58	16.36
113.85	3775.25	18.37
113.9	3776.91	22.9
113.95	3778.58	24.91
114	3780.25	28.42
114.05	3781.91	30.44
114.1	3782.42	30.94
114.15	3784	30.94
114.2	3785.17	28.42
114.25	3786.35	27.92
114.3	3787.51	27.42
114.35	3788.69	26.41
114.4	3791.04	24.91
114.5	3792.21	26.41
114.55	3793.38	23.4
114.6	3794.56	23.4
114.65	3795.73	24.91
114.7	3796.91	26.92
114.75	3798.08	28.42
114.8	3799.25	27.42
114.85	3800.43	26.41
114.9	3801.6	28.42
114.95	3802.77	30.94
115	3804.05	32.45
115.05	3805.78	32.95
115.1	3807.52	32.45
115.15	3809.25	29.43
115.2	3810.98	25.41
115.25	3812.71	23.9
115.3	3814.45	20.88
115.35	3816.18	17.37
115.4	3817.91	23.9
115.45	3819.64	29.43
115.5	3821.38	35.46
115.55	3823.12	39.48
115.6	3824.86	35.46
115.65	3826.97	42.5
115.7	3829.1	46.52
115.75	3831.23	40.99
115.8	3833.36	35.96
115.85	3835.47	23.9
115.9	3839.72	20.38
116	3841.85	27.42
116.05	3843.96	36.97
116.1	3846.09	40.99
116.15	3848.22	40.49
116.2	3850.34	36.47
116.25	3852.47	32.45
116.3	3854.58	22.39
116.35	3856.71	18.37
116.4	3858.84	19.38
116.45	3860.97	24.91
116.5	3863.09	27.92
116.55	3865.21	31.44
116.6	3867.33	33.95
116.65	3869.29	34.46
116.7	3870.93	35.46
116.75	3872.56	32.45
116.8	3874.2	30.44
116.85	3875.84	28.93
116.9	3877.48	27.42
116.95	3879.1	23.4
117	3880.74	29.43
117.05	3882.38	29.43
117.1	3884.02	45.01
117.15	3885.66	32.45
117.2	3887.29	37.47
117.25	3888.93	27.42
117.3	3890.57	24.91
117.35	3892.21	25.41
117.4	3893.84	25.91
117.45	3895.47	27.42
117.5	3897.11	28.93
117.55	3898.75	30.44
117.6	3900.34	29.43
117.65	3901.92	26.92
117.7	3903.51	24.91
117.75	3905.1	16.86
117.8	3906.69	14.35
117.85	3908.27	17.87
117.9	3909.86	25.41
117.95	3911.46	30.44
118	3913.05	40.49
118.05	3914.64	44.01
118.1	3916.22	46.02
118.15	3917.81	47.02
118.2	3919.61	44.01
118.25	3921.41	38.48
118.3	3923.21	34.46
118.35	3926.83	26.92
118.45	3928.63	14.85
118.5	3930.44	16.36
118.55	3932.24	21.89
118.6	3934.05	27.42
118.65	3935.85	31.94
118.7	3937.66	33.95
118.75	3939.46	34.96
118.8	3941.27	31.44
118.85	3943.07	29.43
118.9	3944.88	26.41
118.95	3946.69	24.91
119	3948.49	20.38
119.05	3950.29	17.37
119.1	3952.1	17.37
119.15	3953.91	20.38
119.2	3955.71	23.9
119.25	3957.52	24.4
119.3	3959.52	24.91
119.35	3961.89	25.91
119.4	3964.05	27.42
119.45	3965.99	25.41
119.5	3967.94	21.39
119.55	3983.56	17.37
119.95	3985.52	21.39
120	3987.47	21.89
120.05	3989.43	24.91
120.1	3991.37	26.41
120.15	3993.33	27.42
120.2	3995.28	29.93
120.25	3997.24	27.92
120.3	3999.2	25.41
120.35	4001.14	21.39
120.4	4003.09	19.38
120.45	4005.05	17.87
120.5	4007	20.88
120.55	4008.95	23.9
120.6	4010.9	27.92
120.65	4012.86	28.42
120.7	4014.81	28.42
120.75	4016.76	25.41
120.8	4018.71	19.88
120.85	4020.67	15.86
120.9	4022.62	14.35
120.95	4024.58	14.85
121	4026.52	19.88
121.05	4028.48	23.9
121.1	4030.43	28.93
121.15	4032.39	34.96
121.2	4034.21	35.96
121.25	4035.7	31.94
121.3	4037.19	26.92
121.35	4038.69	28.42
121.4	4040.18	21.39
121.45	4041.66	17.87
121.5	4043.15	18.87
121.55	4044.65	19.38
121.6	4046.14	19.38
121.65	4047.62	21.89
121.7	4049.12	23.9
121.75	4050.61	24.91
121.8	4052.1	23.4
121.85	4053.59	21.39
121.9	4055.08	20.88
121.95	4058.06	18.87
122.05	4059.56	16.86
122.1	4061.04	17.37
122.15	4062.53	18.87
122.2	4064.02	19.88
122.25	4065.52	21.39
122.3	4067.01	22.39
122.35	4068.49	22.39
122.4	4069.99	22.39
122.45	4071.48	24.4
122.5	4072.97	36.97
122.55	4074.45	22.39
122.6	4075.95	21.39
122.65	4077.44	20.88
122.7	4078.93	22.39
122.75	4080.43	21.89
122.8	4081.91	23.4
122.85	4083.4	25.41
122.9	4084.89	28.42
122.95	4086.39	29.43
123	4087.87	29.93
123.05	4089.5	29.93
123.1	4091.19	31.44
123.15	4092.87	30.44
123.2	4094.56	28.93
123.25	4096.23	27.92
123.3	4097.91	25.41
123.35	4099.6	21.89
123.4	4101.28	18.87
123.45	4104.64	14.35
123.55	4106.32	10.33
123.6	4108.01	8.32
123.65	4109.68	9.32
123.7	4111.36	9.83
123.75	4113.05	13.35
123.8	4114.73	16.36
123.85	4116.42	20.38
123.9	4118.09	25.91
123.95	4119.77	27.92
124	4121.46	27.92
124.05	4123.14	28.93
124.1	4124.82	29.93
124.15	4126.5	30.44
124.2	4128.18	27.92
124.25	4129.86	26.41
124.3	4131.55	19.88
124.35	4133.22	12.84
124.4	4134.91	9.32
124.45	4136.59	8.32
124.5	4138.27	8.82
124.55	4139.95	9.83
124.6	4141.63	11.33
124.65	4143.31	13.35
124.7	4145	15.86
124.75	4146.68	18.37
124.8	4148.35	20.38
124.85	4150.04	21.39
124.9	4155.1	21.39
125.05	4156.79	23.4
125.1	4158.48	24.4
125.15	4160.17	22.39
125.2	4161.87	20.38
125.25	4163.54	18.37
125.3	4165.24	15.86
125.35	4166.93	15.36
125.4	4168.62	18.87
125.45	4170.3	21.39
125.5	4171.99	26.41
125.55	4173.69	28.42
125.6	4175.38	30.94
125.65	4177.07	35.96
125.7	4178.75	37.47
125.75	4182.13	37.47
125.85	4183.83	32.95
125.9	4185.5	29.93
125.95	4187.2	24.4
126	4188.89	19.38
126.05	4190.58	14.85
126.1	4192.27	12.84
126.15	4193.95	12.34
126.2	4195.64	11.84
126.25	4197.34	13.35
126.3	4199.03	13.35
126.35	4200.71	16.86
126.4	4202.4	19.88
126.45	4204.09	25.91
126.5	4205.79	37.98
126.55	4207.37	43
126.6	4208.93	36.97
126.65	4210.51	27.42
126.7	4212.08	17.37
126.75	4213.66	10.83
126.8	4215.22	8.32
126.85	4216.79	8.32
126.9	4218.37	9.32
126.95	4219.94	13.35
127	4221.52	16.36
127.05	4223.08	21.39
127.1	4224.66	25.41
127.15	4226.23	22.9
127.2	4227.8	22.39
127.25	4230.94	21.39
127.35	4232.52	25.91
127.4	4234.09	26.92
127.45	4235.67	24.4
127.5	4237.23	20.38
127.55	4238.8	13.85
127.6	4240.38	11.33
127.65	4241.95	12.34
127.7	4243.52	16.86
127.75	4245.09	23.9
127.8	4246.66	31.94
127.85	4248.24	36.97
127.9	4249.8	43.5
127.95	4251.68	45.01
128	4253.57	44.01
128.05	4255.46	35.96
128.1	4257.35	29.93
128.15	4259.23	23.9
128.2	4261.12	19.88
128.25	4263.01	17.37
128.3	4264.9	15.36
128.35	4266.77	16.86
128.4	4268.66	18.87
128.45	4270.55	20.88
128.5	4272.44	22.39
128.55	4274.33	24.4
128.6	4276.2	26.92
128.65	4277.46	27.42
128.7	4278.73	29.43
128.75	4281.26	30.44
128.85	4282.53	26.92
128.9	4283.79	21.39
128.95	4285.06	15.86
129	4286.33	12.84
129.05	4287.59	10.83
129.1	4288.86	11.84
129.15	4290.12	13.85
129.2	4291.39	16.36
129.25	4292.65	19.88
129.3	4293.92	22.9
129.35	4295.19	25.41
129.4	4296.45	26.41
129.45	4297.72	28.93
129.5	4298.98	32.95
129.55	4300.25	26.92
129.6	4301.51	26.41
129.65	4302.78	26.92
129.7	4304.04	21.89
129.75	4305.31	13.85
129.8	4306.58	12.34
129.85	4307.84	10.83
129.9	4309.11	8.82
129.95	4310.37	9.32
130	4311.64	10.33
130.05	4312.91	14.85
130.1	4314.17	17.87
130.15	4315.43	20.38
130.2	4316.7	19.88
130.25	4319.65	30.44
130.35	4321.5	31.94
130.4	4323.34	29.43
130.45	4325.19	25.41
130.5	4327.04	20.88
130.55	4328.89	14.85
130.6	4330.73	16.86
130.65	4332.58	19.38
130.7	4334.43	17.37
130.75	4336.28	17.87
130.8	4338.13	19.88
130.85	4339.97	20.38
130.9	4341.82	21.89
130.95	4343.67	23.9
131	4345.53	24.91
131.05	4347.36	23.9
131.1	4349.21	19.88
131.15	4351.07	16.36
131.2	4352.92	11.33
131.25	4354.77	10.83
131.3	4356.61	14.85
131.35	4358.46	18.87
131.4	4360.31	26.41
131.45	4362.16	30.44
131.5	4364	29.93
131.55	4365.82	29.93
131.6	4367.33	29.43
131.65	4368.81	28.93
131.7	4370.29	27.92
131.75	4371.75	25.91
131.8	4373.23	21.89
131.85	4374.71	20.88
131.9	4376.19	18.87
131.95	4377.66	17.37
132	4379.14	16.36
132.05	4380.62	15.36
132.1	4382.1	15.86
132.15	4383.57	14.85
132.2	4385.05	15.36
132.25	4386.53	15.86
132.3	4388.01	13.85
132.35	4389.49	15.36
132.4	4392.44	16.86
132.5	4393.91	15.86
132.55	4395.39	15.86
132.6	4396.86	14.85
132.65	4398.34	14.85
132.7	4399.82	14.85
132.75	4401.3	13.85
132.8	4402.78	13.35
132.85	4404.25	13.35
132.9	4405.73	14.35
132.95	4407.21	14.85
133	4408.69	15.36
133.05	4410.16	19.88
133.1	4411.64	20.88
133.15	4413.12	22.9
133.2	4414.6	24.4
133.25	4416.14	26.92
133.3	4417.7	28.42
133.35	4419.27	28.93
133.4	4420.83	27.42
133.45	4422.4	23.9
133.5	4423.96	22.39
133.55	4425.53	21.89
133.6	4427.09	19.88
133.65	4428.66	18.87
133.7	4430.23	18.37
133.75	4431.79	18.37
133.8	4433.35	18.87
133.85	4434.92	19.38
133.9	4438.04	17.87
134	4439.61	16.36
134.05	4441.18	15.36
134.1	4442.75	15.86
134.15	4444.31	17.37
134.2	4445.87	20.38
134.25	4447.44	22.9
134.3	4449.01	25.41
134.35	4450.57	25.91
134.4	4452.13	27.92
134.45	4453.7	28.42
134.5	4455.26	27.42
134.55	4456.83	25.91
134.6	4458.4	23.4
134.65	4459.96	22.39
134.7	4461.63	19.88
134.75	4463.37	19.38
134.8	4465.12	20.88
134.85	4466.85	22.39
134.9	4468.6	25.41
134.95	4470.34	27.92
135	4472.09	30.44
135.05	4473.83	30.44
135.1	4475.57	28.93
135.15	4477.31	27.42
135.2	4479.06	26.41
135.25	4480.8	24.4
135.3	4482.54	18.87
135.35	4484.28	18.87
135.4	4487.77	22.39
135.5	4489.52	25.91
135.55	4491.25	29.93
135.6	4492.99	30.94
135.65	4494.74	29.43
135.7	4496.48	29.93
135.75	4498.22	29.93
135.8	4499.96	28.93
135.85	4501.71	25.41
135.9	4503.45	19.88
135.95	4505.3	15.86
136	4507.32	16.36
136.05	4509.35	19.38
136.1	4511.38	24.91
136.15	4513.41	27.42
136.2	4515.43	28.42
136.25	4517.45	28.42
136.3	4519.48	26.41
136.35	4521.51	22.9
136.4	4523.53	23.9
136.45	4525.55	21.89
136.5	4527.58	21.39
136.55	4529.61	22.9
136.6	4531.64	24.4
136.65	4533.65	27.42
136.7	4535.68	29.93
136.75	4537.71	30.44
136.8	4539.74	27.92
136.85	4541.75	27.42
136.9	4543.78	25.41
136.95	4545.81	24.4
137	4547.84	20.38
137.05	4549.87	17.87
137.1	4551.54	10.33
137.15	4553.17	8.32
137.2	4554.8	8.82
137.25	4556.43	9.32
137.3	4558.04	11.84
137.35	4559.67	14.85
137.4	4562.93	18.37
137.5	4564.55	21.39
137.55	4566.17	24.91
137.6	4567.8	25.41
137.65	4569.43	29.93
137.7	4571.05	31.94
137.75	4572.67	32.45
137.8	4574.3	29.93
137.85	4575.93	25.91
137.9	4577.55	24.91
137.95	4579.18	27.42
138	4580.8	29.43
138.05	4582.43	29.93
138.1	4584.05	30.94
138.15	4585.68	32.45
138.2	4587.3	28.42
138.25	4588.93	29.43
138.3	4590.55	25.91
138.35	4592.18	20.88
138.4	4593.81	13.35
138.45	4595.43	9.83
138.5	4597.05	9.32
138.55	4598.55	9.83
138.6	4599.98	12.84
138.65	4601.39	13.85
138.7	4602.82	18.87
138.75	4604.25	20.38
138.8	4605.68	23.4
138.85	4607.11	25.91
138.9	4609.95	24.91
139	4611.38	24.91
139.05	4612.81	28.42
139.1	4614.23	30.44
139.15	4615.66	29.43
139.2	4617.09	30.94
139.25	4618.51	27.92
139.3	4619.94	24.91
139.35	4621.36	16.36
139.4	4622.6	13.85
139.45	4623.6	13.35
139.5	4624.59	13.85
139.55	4625.58	14.35
139.6	4626.57	16.36
139.65	4627.57	19.88
139.7	4628.56	21.39
139.75	4629.56	20.38
139.8	4630.55	20.88
139.85	4631.54	20.38
139.9	4632.54	19.88
139.95	4633.53	22.39
140	4634.52	24.91
140.05	4635.51	25.41
140.1	4643.61	26.41
140.5	4645.33	10.33
140.55	4647.06	11.84
140.6	4648.78	14.85
140.65	4650.49	17.37
140.7	4652.22	18.37
140.75	4653.94	18.87
140.8	4655.67	19.38
140.85	4657.39	17.87
140.9	4659.1	16.86
140.95	4660.83	18.87
141	4662.55	21.39
141.05	4664.28	19.88
141.1	4665.99	19.38
141.15	4666.93	17.87
141.2	4724.01	12.34
144.4	4724.83	20.88
144.45	4725.64	20.38
144.5	4726.46	21.39
144.55	4727.28	24.4
144.6	4728.1	19.38
144.65	4728.92	18.87
144.7	4729.73	19.88
144.75	4730.55	20.88
144.8	4731.37	21.89
144.85	4732.19	21.39
144.9	4733	21.39
144.95	4733.82	21.39
145	4735.46	21.39
145.1	4736.28	20.88
145.15	4737.09	19.88
145.2	4737.91	20.38
145.25	4738.73	20.38
145.3	4739.55	19.38
145.35	4740.37	17.87
145.4	4741.19	16.86
145.45	4742	16.86
145.5	4742.82	16.86
145.55	4743.64	17.37
145.6	4744.46	16.86
145.65	4745.28	15.86
145.7	4746.09	15.86
145.75	4746.91	15.86
145.8	4747.73	16.36
145.85	4748.55	16.36
145.9	4749.37	15.86
145.95	4750.18	15.86
146	4751	15.36
146.05	4751.82	17.37
146.1	4752.64	17.87
146.15	4753.46	16.36
146.2	4754.28	16.36
146.25	4755.09	15.36
146.3	4755.91	15.36
146.35	4756.73	14.35
146.4	4757.55	11.84
146.45	4758.37	8.82
146.5	4760	6.31
146.6	4760.82	6.31
146.65	4761.99	6.81
146.7	4763.2	7.82
146.75	4764.42	9.32
146.8	4765.64	10.83
146.85	4766.86	13.85
146.9	4768.08	16.36
146.95	4769.29	18.87
147	4770.51	19.88
147.05	4771.73	22.39
147.1	4772.95	20.88
147.15	4774.16	19.88
147.2	4775.38	19.38
147.25	4776.6	17.87
147.3	4777.82	17.37
147.35	4779.04	17.37
147.4	4780.26	16.86
147.45	4781.48	17.87
147.5	4782.7	15.36
147.55	4783.92	13.35
147.6	4785.13	9.83
147.65	4786.35	9.83
147.7	4787.57	9.83
147.75	4788.79	11.33
147.8	4790	11.84
147.85	4791.22	11.84
147.9	4792.44	11.33
147.95	4793.66	12.34
148	4796.09	13.35
148.1	4797.31	13.85
148.15	4798.53	13.85
148.2	4799.75	12.34
148.25	4800.97	11.33
148.3	4802.1	10.33
148.35	4803.19	10.33
148.4	4804.29	9.32
148.45	4805.38	9.32
148.5	4806.47	9.83
148.55	4807.57	10.33
148.6	4808.66	10.83
148.65	4809.76	12.84
148.7	4810.85	13.85
148.75	4811.94	13.85
148.8	4813.04	14.35
148.85	4814.13	15.36
148.9	4815.23	15.36
148.95	4816.32	16.86
149	4817.41	18.87
149.05	4818.51	17.87
149.1	4819.6	16.86
149.15	4820.69	18.37
149.2	4821.79	17.87
149.25	4822.88	17.87
149.3	4823.98	18.87
149.35	4825.08	17.37
149.4	4826.16	16.36
149.45	4827.26	15.86
149.5	4829.45	13.85
149.6	4830.54	13.35
149.65	4831.63	12.84
149.7	4832.73	11.84
149.75	4833.83	10.83
149.8	4834.91	11.33
149.85	4835.92	12.34
149.9	4836.95	10.83
149.95	4837.97	11.33
150	4838.99	9.83
150.05	4840.01	10.33
150.1	4841.03	11.33
150.15	4842.05	12.84
150.2	4843.08	12.84
150.25	4844.1	13.35
150.3	4845.12	13.85
150.35	4846.14	14.35
150.4	4847.16	16.36
150.45	4848.19	16.86
150.5	4849.2	18.37
150.55	4850.23	18.37
150.6	4851.25	16.86
150.65	4852.27	15.36
150.7	4853.29	15.36
150.75	4854.31	14.85
150.8	4855.33	16.36
150.85	4856.36	15.86
150.9	4857.38	15.36
150.95	4858.4	15.36
151	4860.44	15.86
151.1	4861.47	14.85
151.15	4862.48	15.86
151.2	4863.51	15.86
151.25	4864.53	16.36
151.3	4865.55	17.37
151.35	4866.57	17.87
151.4	4867.59	18.37
151.45	4868.61	18.87
151.5	4869.64	19.88
151.55	4870.66	17.87
151.6	4871.68	17.87
151.65	4872.7	17.37
151.7	4873.72	16.36
151.75	4874.75	15.86
151.8	4875.77	15.36
151.85	4876.78	14.35
151.9	4877.81	11.84
151.95	4878.83	10.33
152	4879.85	8.82
152.05	4880.87	7.82
152.1	4881.89	7.31
152.15	4883.16	7.31
152.2	4884.48	6.81
152.25	4885.81	7.31
152.3	4887.13	7.82
152.35	4888.45	9.32
152.4	4889.78	10.33
152.45	4891.11	11.33
152.5	4893.75	12.34
152.6	4895.07	13.85
152.65	4896.4	15.36
152.7	4897.73	18.37
152.75	4930.98	20.88
153.3	4934.03	29.93
153.35	4937.08	27.92
153.4	4939.09	41.49
153.45	4940.4	38.98
153.5	4941.64	30.44
153.55	4942.89	24.91
153.6	4944.12	25.41
153.65	4945.37	21.89
153.7	4946.61	24.4
153.75	4947.86	27.92
153.8	4949.1	19.38
153.85	4950.34	15.86
153.9	4951.58	14.85
153.95	4952.83	7.82
154	4954.07	12.84
154.05	4955.32	12.34
154.1	4956.56	14.35
154.15	4957.8	14.85
154.2	4959.04	17.87
154.25	4960.29	21.89
154.3	4961.53	21.89
154.35	4962.77	24.4
154.4	4964.02	24.91
154.45	4965.26	26.92
154.5	4966.51	27.92
154.55	4967.74	29.43
154.6	4968.99	30.94
154.65	4970.23	29.43
154.7	4971.48	24.91
154.75	4972.71	19.88
154.8	4973.96	15.86
154.85	4975.2	14.35
154.9	4976.45	18.37
154.95	4978.93	19.88
155.05	4980.18	25.41
155.1	4981.42	25.91
155.15	4982.67	26.41
155.2	4983.9	28.42
155.25	4985.15	28.42
155.3	4986.39	28.93
155.35	4987.64	27.42
155.4	4988.87	25.41
155.45	4990.12	18.87
155.5	4991.36	13.35
155.55	4992.61	10.83
155.6	4993.85	10.83
155.65	4995.09	10.33
155.7	4996.33	11.84
155.75	4997.58	13.35
155.8	4998.83	15.86
155.85	5000.06	18.87
155.9	5001.31	20.38
155.95	5002.55	21.89
156	5003.8	23.4
156.05	5005.04	25.41
156.1	5006.28	26.41
156.15	5007.52	26.41
156.2	5008.77	26.92
156.25	5010.01	27.42
156.3	5011.25	27.92
156.35	5012.49	27.42
156.4	5013.74	26.92
156.45	5016.23	26.92
156.55	5017.47	21.89
156.6	5018.71	17.87
156.65	5019.96	11.84
156.7	5021.2	9.83
156.75	5022.44	10.33
156.8	5023.68	11.33
156.85	5024.93	14.85
156.9	5026.17	19.38
156.95	5027.42	22.9
157	5028.65	24.91
157.05	5029.9	27.42
157.1	5031.14	26.92
157.15	5032.39	27.92
157.2	5033.62	26.92
157.25	5034.87	26.41
157.3	5036.11	23.9
157.35	5037.36	22.9
157.4	5038.6	19.38
157.45	5039.84	13.85
157.5	5041.09	10.83
157.55	5042.33	8.32
157.6	5044.29	6.81
157.65	5053.42	7.31
158.05	5054.56	25.91
158.1	5055.71	31.44
158.15	5056.87	32.95
158.2	5058.31	31.94
158.25	5059.76	27.42
158.3	5061.21	23.9
158.35	5062.64	20.38
158.4	5064.09	14.35
158.45	5065.54	10.33
158.5	5066.98	8.82
158.55	5068.42	8.32
158.6	5069.87	8.82
158.65	5071.31	10.33
158.7	5072.76	14.35
158.75	5074.21	16.36
158.8	5075.64	17.87
158.85	5077.09	19.38
158.9	5078.54	19.88
158.95	5079.98	21.89
159	5081.42	21.39
159.05	5082.87	20.88
159.1	5084.31	19.38
159.15	5085.76	16.36
159.2	5087.2	11.33
159.25	5088.64	8.82
159.3	5090.09	7.82
159.35	5092.98	8.32
159.45	5095.87	10.83
159.55	5098.76	16.86
159.65	5101.64	26.92
159.75	5104.24	28.42
159.85	5106.58	27.92
159.95	5108.92	25.41
160.05	5111.26	15.86
160.15	5113.61	8.82
160.25	5115.95	8.32
160.35	5118.29	9.32
160.45	5120.64	13.35
160.55	5122.98	14.85
160.65	5125.32	16.86
160.75	5127.66	21.39
160.85	5130.01	21.89
160.95	5132.34	20.88
161.05	5134.69	17.87
161.15	5137.04	9.83
161.25	5139.37	7.31
161.35	5141.72	9.32
161.45	5144.06	11.84
161.55	5146.4	14.85
161.65	5148.74	20.38
161.75	5151.14	23.4
161.85	5153.74	26.41
161.95	5156.35	23.9
162.05	5158.96	12.84
162.15	5161.55	8.32
162.25	5164.16	6.81
162.35	5166.76	8.82
162.45	5169.37	14.35
162.55	5171.96	19.38
162.65	5174.57	22.9
162.75	5177.17	24.4
162.85	5179.78	21.39
162.95	5182.38	11.33
163.05	5184.98	8.82
163.15	5187.59	11.33
163.25	5190.19	14.85
163.35	5193.06	16.86
163.45	5196.66	17.37
163.55	5200.27	15.86
163.65	5203.87	10.83
163.75	5205.68	9.32
163.8	5207.48	11.84
163.85	5209.29	18.37
163.9	5211.08	17.87
163.95	5212.89	28.42
164	5214.69	17.37
164.05	5216.5	16.36
164.1	5218.31	17.87
164.15	5220.1	19.88
164.2	5221.91	25.91
164.25	5223.71	20.38
164.3	5225.52	24.91
164.35	5227.31	37.47
164.4	5229.12	36.97
164.45	5230.92	26.92
164.5	5232.73	41.49
164.55	5234.53	40.49
164.6	5236.33	27.42
164.65	5238.13	36.97
164.7	5239.94	25.91
164.75	5241.75	17.87
164.8	5243.54	17.87
164.85	5245.34	21.39
164.9	5247.15	21.39
164.95	5248.96	21.89
165	5250.76	19.88
165.05	5252.56	18.87
165.1	5256.17	20.38
165.2	5257.97	24.91
165.25	5259.77	26.92
165.3	5261.57	28.42
165.35	5263.38	30.44
165.4	5265.18	37.47
165.45	5266.99	28.93
165.5	5268.78	22.39
165.55	5270.59	17.87
165.6	5272.4	17.87
165.65	5274.2	21.89
165.7	5275.99	23.9
165.75	5277.8	21.39
165.8	5279.61	21.39
165.85	5281.41	21.39
165.9	5283.22	17.87
165.95	5285.01	16.86
166	5286.82	17.87
166.05	5288.62	17.37
166.1	5290.43	21.89
166.15	5292.22	21.89
166.2	5294.03	21.89
166.25	5295.84	21.39
166.3	5297.64	21.39
166.35	5299.43	21.39
166.4	5301.24	22.9
166.45	5303.05	24.91
166.5	5306.66	31.44
166.6	5310.26	18.87
166.7	5313.87	16.36
166.8	5317.47	15.86
166.9	5321.08	20.38
167	5324.68	9.83
167.1	5328.29	11.84
167.2	5331.21	8.32
167.3	5334.01	5.81
167.4	5336.81	11.84
167.5	5339.6	14.35
167.6	5342.4	21.39
167.7	5345.19	28.42
167.8	5347.99	27.92
167.9	5350.78	25.41
168	5353.58	17.87
168.1	5356.37	12.34
168.2	5358.72	13.85
168.3	5361.04	17.87
168.4	5363.35	18.87
168.5	5365.66	15.86
168.6	5367.97	19.38
168.7	5370.29	16.86
168.8	5372.6	18.37
168.9	5374.92	18.37
169	5377.23	19.88
169.1	5379.54	18.87
169.2	5381.86	21.89
169.3	5384.17	20.38
169.4	5386.49	19.88
169.5	5388.8	21.39
169.6	5391.11	21.39
169.7	5393.42	20.38
169.8	5395.76	21.39
169.9	5398.08	21.89
170	5400.42	11.84
170.1	5402.75	8.32
170.2	5405.07	7.82
170.3	5407.41	9.32
170.4	5409.73	12.84
170.5	5412.07	18.37
170.6	5414.39	21.89
170.7	5416.74	25.41
170.8	5419.18	29.43
170.9	5421.63	25.91
171	5424.08	22.39
171.1	5426.52	13.35
171.2	5428.97	9.32
171.3	5431.41	10.33
171.4	5433.86	15.86
171.5	5436.31	22.9
171.6	5438.9	29.43
171.7	5441.79	27.92
171.8	5444.69	27.42
171.9	5447.58	19.38
172	5450.48	9.83
172.1	5453.38	12.34
172.2	5456.27	14.85
172.3	5459.17	17.87
172.4	5462.06	21.39
172.5	5464.96	24.91
172.6	5467.85	24.91
172.7	5470.75	22.9
172.8	5473.64	15.86
172.9	5476.54	12.34
173	5479.44	14.85
173.1	5482.33	17.87
173.2	5484.59	18.87
173.3	5486.8	18.37
173.4	5489.01	15.86
173.5	5491.21	15.36
173.6	5493.42	13.35
173.7	5495.62	10.83
173.8	5497.83	8.82
173.9	5498.94	10.33
173.95	5500.04	16.36
174	5501.14	18.87
174.05	5502.25	20.38
174.1	5504.46	21.89
174.2	5505.56	21.89
174.25	5506.6	25.91
174.3	5507.64	25.41
174.35	5508.68	27.42
174.4	5509.72	27.42
174.45	5510.76	22.9
174.5	5511.8	14.85
174.55	5512.84	12.34
174.6	5513.88	13.35
174.65	5514.91	11.84
174.7	5515.96	10.33
174.75	5517	11.84
174.8	5518.04	17.87
174.85	5519.07	17.37
174.9	5520.11	20.88
174.95	5521.15	20.88
175	5522.19	21.89
175.05	5523.24	22.9
175.1	5524.27	24.4
175.15	5525.31	22.39
175.2	5526.35	22.39
175.25	5527.39	22.9
175.3	5528.43	22.39
175.35	5529.47	22.39
175.4	5530.51	17.87
175.45	5531.55	12.34
175.5	5532.59	12.34
175.55	5533.62	10.83
175.6	5535.71	17.37
175.7	5536.75	16.36
175.75	5537.78	9.83
175.8	5538.82	11.33
175.85	5539.86	13.35
175.9	5540.91	15.86
175.95	5541.95	19.88
176	5542.98	21.89
176.05	5544.02	22.39
176.1	5545.06	23.9
176.15	5546.1	26.92
176.2	5547.14	27.42
176.25	5548.18	28.42
176.3	5549.22	27.42
176.35	5550.27	28.93
176.4	5551.39	30.44
176.45	5552.5	29.43
176.5	5553.62	27.42
176.55	5554.74	23.9
176.6	5555.86	21.89
176.65	5556.97	16.36
176.7	5558.09	9.32
176.75	5559.21	6.81
176.8	5560.29	6.81
176.85	5561.36	6.81
176.9	5562.44	6.31
176.95	5563.52	6.81
177	5564.6	6.81
177.05	5565.68	6.81
177.1	5567.83	9.83
177.2	5568.91	10.33
177.25	5569.98	11.33
177.3	5571.06	11.84
177.35	5572.13	12.34
177.4	5573.21	12.84
177.45	5574.29	14.85
177.5	5575.37	16.36
177.55	5576.45	11.33
177.6	5577.52	9.83
177.65	5578.6	8.82
177.7	5579.67	7.82
177.75	5580.6	7.31
177.8	5581.57	8.32
177.85	5582.54	7.82
177.9	5583.5	9.32
177.95	5584.47	10.83
178	5585.43	12.84
178.05	5586.4	13.35
178.1	5587.37	16.36
178.15	5588.33	16.36
178.2	5589.29	16.86
178.25	5590.26	17.37
178.3	5592.19	18.37
178.4	5594.12	19.38
178.5	5596.05	17.87
178.6	5597.98	15.86
178.7	5599.92	12.34
178.8	5601.85	15.36
178.9	5603.78	17.87
179	5605.71	15.36
179.1	5607.64	17.37
179.2	5609.57	17.37
179.3	5611.5	17.37
179.4	5613.43	13.85
179.5	5615.36	12.84
179.6	5617.3	15.86
179.7	5619.23	9.83
179.8	5621.16	14.35
179.9	5623.09	16.86
180	5625.02	18.87
180.1	5626.91	19.88
180.2	5628.79	19.38
180.3	5630.66	19.88
180.4	5632.53	21.39
180.5	5634.41	13.35
180.6	5636.28	9.83
180.7	5638.15	8.32
180.8	5640.02	8.32
180.9	5641.9	12.84
181	5643.77	15.86
181.1	5645.64	16.86
181.2	5647.51	20.38
181.3	5649.39	20.88
181.4	5651.26	18.37
181.5	5653.13	15.86
181.6	5655	15.86
181.7	5656.88	9.32
181.8	5658.75	9.32
181.9	5660.62	15.36
182	5662.49	19.88
182.1	5665.01	21.39
182.2	5667.56	20.88
182.3	5670.11	15.86
182.4	5672.65	11.33
182.5	5676.22	10.33
182.64	5678.76	15.36
182.74	5681.32	20.88
182.84	5683.86	25.41
182.94	5686.41	25.41
183.04	5688.95	22.39
183.14	5691.49	11.84
183.24	5694.05	10.33
183.34	5696.59	9.32
183.44	5699.14	13.85
183.54	5701.68	25.41
183.64	5703.08	31.44
183.69	5704.54	28.93
183.74	5705.98	26.92
183.79	5707.44	26.41
183.84	5708.88	22.9
183.89	5710.34	14.85
183.94	5711.8	10.83
183.99	5713.24	10.33
184.04	5714.7	10.83
184.09	5716.15	14.85
184.14	5717.6	15.36
184.19	5719.06	18.37
184.24	5720.5	21.39
184.29	5721.96	23.9
184.34	5723.41	22.39
184.39	5724.86	21.89
184.44	5726.31	21.89
184.49	5727.76	20.88
184.54	5729.22	18.87
184.59	5730.67	17.87
184.64	5732.12	14.85
184.69	5733.57	11.33
184.74	5734.97	10.33
184.79	5735.97	8.82
184.84	5736.96	8.82
184.89	5737.94	8.82
184.94	5738.94	24.4
184.99	5740.92	15.86
185.09	5741.91	7.31
185.14	5742.89	9.32
185.19	5743.89	16.36
185.24	5744.88	17.87
185.29	5745.86	15.86
185.34	5746.86	14.85
185.39	5747.85	16.36
185.44	5748.83	17.37
185.49	5749.83	16.86
185.54	5750.81	16.86
185.59	5751.81	17.87
185.64	5752.8	18.87
185.69	5753.78	21.89
185.74	5754.78	22.9
185.79	5755.76	22.39
185.84	5756.75	23.9
185.89	5757.75	26.41
185.94	5758.73	27.42
185.99	5759.73	26.92
186.04	5760.72	26.41
186.09	5761.7	22.39
186.14	5762.7	17.37
186.19	5763.68	12.84
186.24	5764.67	10.33
186.29	5765.67	10.33
186.34	5766.65	11.84
186.39	5767.65	14.35
186.44	5768.63	18.87
186.49	5770.62	19.88
186.59	5771.6	25.41
186.64	5772.59	28.93
186.69	5773.73	31.44
186.74	5774.94	33.95
186.79	5776.16	31.44
186.84	5778.6	15.86
186.94	5781.04	8.32
187.04	5783.48	7.82
187.14	5785.92	9.32
187.24	5788.36	13.85
187.34	5790.8	19.38
187.44	5793.24	25.41
187.54	5795.69	34.96
187.64	5798.12	37.98
187.74	5800.56	35.96
187.84	5803	26.41
187.94	5805.45	12.84
188.04	5807.89	8.82
188.14	5810.32	10.83
188.24	5812.76	19.38
188.34	5815.2	26.41
188.44	5817.64	33.95
188.54	5819.91	33.45
188.64	5822.17	29.43
188.74	5824.44	13.85
188.84	5826.71	8.32
188.94	5828.98	7.31
189.04	5831.24	9.83
189.14	5833.51	18.37
189.24	5835.78	24.91
189.34	5838.05	31.94
189.44	5840.31	26.92
189.54	5842.58	24.91
189.64	5844.84	16.36
189.74	5847.12	9.32
189.84	5849.38	7.82
189.94	5851.65	6.81
190.04	5853.91	7.82
190.14	5856.19	9.32
190.24	5858.45	13.35
190.34	5860.72	15.86
190.44	5862.98	17.87
190.54	5865.26	22.39
190.64	5867.58	21.89
190.74	5870.02	24.91
190.84	5872.46	21.89
190.94	5874.9	13.85
191.04	5877.35	9.32
191.14	5879.78	8.82
191.24	5882.22	12.34
191.34	5884.66	23.4
191.44	5887.11	35.46
191.54	5889.54	44.51
191.64	5891.98	33.45
191.74	5894.42	11.84
191.84	5896.87	7.31
191.94	5899.31	6.81
192.04	5901.74	6.81
192.14	5904.18	12.34
192.24	5906.62	18.37
192.34	5909.07	28.42
192.44	5911.56	37.98
192.54	5914.7	30.94
192.64	5917.84	21.39
192.74	5920.99	9.83
192.84	5924.13	8.32
192.94	5927.27	9.83
193.04	5930.41	18.37
193.14	5933.56	27.92
193.24	5936.7	34.46
193.34	5939.83	24.91
193.44	5942.97	9.83
193.54	5944.32	9.32
193.59	5945.51	13.85
193.64	5946.71	22.39
193.69	5947.91	32.95
193.74	5949.1	21.39
193.79	5950.3	35.46
193.84	5951.5	34.96
193.89	5953.89	26.41
193.99	5955.08	23.4
194.04	5956.28	26.92
194.09	5957.48	22.9
194.14	5958.67	26.92
194.19	5959.87	26.41
194.24	5961.06	22.9
194.29	5962.27	20.38
194.34	5963.47	20.88
194.39	5964.66	19.88
194.44	5965.86	20.38
194.49	5967.06	23.9
194.54	5968.25	23.4
194.59	5969.45	26.41
194.64	5970.64	28.42
194.69	5971.84	25.41
194.74	5973.04	19.88
194.79	5974.23	17.87
194.84	5975.43	15.86
194.89	5976.62	9.32
194.94	5977.82	11.33
194.99	5979.02	13.85
195.04	5980.21	16.36
195.09	5981.41	15.86
195.14	5982.61	17.37
195.19	5983.81	18.87
195.24	5985.01	16.86
195.29	5986.2	15.86
195.34	5987.4	14.35
195.39	5988.6	11.84
195.44	5989.79	9.32
195.49	5990.93	7.82
195.54	5991.97	7.31
195.59	5993.02	6.81
195.64	5994.09	8.32
195.69	5995.15	10.33
195.74	5996.22	13.35
195.79	5997.29	14.85
195.84	5998.35	15.86
195.89	5999.41	16.86
195.94	6000.47	19.38
195.99	6002.61	21.39
196.09	6003.67	26.92
196.14	6004.73	31.44
196.19	6005.79	31.44
196.24	6006.86	30.94
196.29	6007.93	28.42
196.34	6008.99	22.9
196.39	6010.05	15.86
196.44	6011.12	11.33
196.49	6012.18	9.32
196.54	6013.25	8.82
196.59	6014.31	9.32
196.64	6015.38	10.83
196.69	6016.44	13.85
196.74	6017.5	17.37
196.79	6018.57	22.39
196.84	6019.63	22.9
196.89	6020.7	25.41
196.94	6021.76	25.41
196.99	6022.82	24.4
197.04	6023.89	22.39
197.09	6024.96	18.37
197.14	6026.02	11.84
197.19	6027.08	8.82
197.24	6028.14	6.81
197.29	6029.21	6.31
197.34	6030.28	7.31
197.39	6031.34	8.32
197.44	6032.4	11.33
197.49	6034.53	13.85
197.59	6035.6	15.86
197.64	6036.66	17.37
197.69	6037.73	19.88
197.74	6038.79	22.9
197.79	6039.85	23.9
197.84	6040.92	23.9
197.89	6041.98	23.4
197.94	6043.05	25.91
197.99	6044.36	27.42
198.04	6045.73	25.91
198.09	6047.1	23.9
198.14	6048.47	20.88
198.19	6049.84	14.35
198.24	6051.22	11.33
198.29	6052.58	8.32
198.34	6053.95	8.32
198.39	6055.33	9.83
198.44	6056.69	13.35
198.49	6058.07	14.35
198.54	6059.43	13.35
198.59	6060.81	11.33
198.64	6062.18	8.32
198.69	6063.55	7.31
198.74	6065.02	7.31
198.79	6066.51	7.31
198.84	6068.02	8.82
198.89	6069.52	10.33
198.94	6074.02	11.84
199.09	6075.52	15.36
199.14	6077.02	16.86
199.19	6078.51	17.87
199.24	6080.02	18.87
199.29	6081.17	20.38
199.34	6082.28	21.39
199.39	6083.4	21.89
199.44	6084.51	20.38
199.49	6085.63	16.36
199.54	6086.75	12.84
199.59	6087.86	9.83
199.64	6088.98	9.32
199.69	6090.09	10.33
199.74	6091.21	12.84
199.79	6092.33	14.35
199.84	6093.44	15.86
199.89	6094.56	16.36
199.94	6095.68	18.37
199.99	6096.79	19.38
200.04	6097.91	21.89
200.09	6099.02	26.92
200.14	6100.26	27.92
200.19	6113.65	26.41
200.59	6115.33	11.84
200.64	6117	15.36
200.69	6118.68	17.87
200.74	6120.33	20.88
200.79	6121.96	21.39
200.84	6123.6	23.9
200.89	6172.61	25.91
200.94	6174.12	29.43
200.99	6175.64	27.92
201.04	6177.14	23.4
201.09	6178.66	17.37
201.14	6180.16	11.33
201.19	6181.68	9.83
201.24	6183.19	8.82
201.29	6184.69	10.33
201.34	6186.21	10.83
201.39	6187.71	10.33
201.44	6189.23	10.83
201.49	6190.74	11.33
201.54	6192.25	11.84
201.59	6193.76	10.83
201.64	6195.27	11.33
201.69	6196.78	12.34
201.74	6198.29	13.35
201.79	6199.8	13.85
201.84	6201.31	16.86
201.89	6202.55	17.87
201.94	6203.72	18.37
201.99	6206.06	18.87
202.09	6207.23	16.86
202.14	6208.41	14.35
202.19	6209.57	9.83
202.24	6257.54	6.81
202.29	6258.94	27.42
202.34	6260.32	25.41
202.39	6261.72	16.86
202.44	6263.1	21.89
202.49	6264.49	21.89
202.54	6265.89	22.9
202.59	6267.27	26.92
202.64	6268.67	28.42
202.69	6270.05	32.45
202.74	6271.44	40.99
202.79	6272.84	34.46
202.84	6274.22	22.9
202.89	6275.62	21.39
202.94	6277.01	13.85
202.99	6278.4	9.83
203.04	6279.79	13.85
203.09	6281.17	35.96
203.14	6282.57	19.38
203.19	6283.96	25.41
203.24	6285.35	21.39
203.29	6286.74	24.4
203.34	6288.12	27.42
203.39	6289.52	33.45
203.44	6290.91	33.95
203.49	6292.14	37.47
203.54	6293.29	40.49
203.59	6294.44	31.44
203.64	6296.73	16.86
203.74	6297.86	24.91
203.79	6299.01	15.36
203.84	6300.16	25.91
203.89	6301.3	15.86
203.94	6302.45	18.37
203.99	6303.59	13.35
204.04	6304.73	15.36
204.09	6305.88	20.38
204.14	6307.02	18.37
204.19	6308.17	20.88
204.24	6309.31	23.4
204.29	6310.45	26.92
204.34	6311.6	22.9
204.39	6312.74	21.39
204.44	6313.89	18.37
204.49	6315.04	19.88
204.54	6316.17	13.85
204.59	6317.32	12.84
204.64	6318.46	26.92
204.69	6319.61	9.32
204.74	6320.76	9.32
204.79	6321.89	22.39
204.84	6323.04	16.86
204.89	6324.19	23.4
204.94	6325.33	18.37
204.99	6326.48	16.36
205.04	6327.62	17.37
205.09	6328.76	19.38
205.14	6331.05	21.89
205.24	6332.2	30.44
205.29	6333.34	25.41
205.34	6334.5	27.92
205.39	6335.67	29.43
205.44	6336.84	28.93
205.49	6338.01	23.9
205.54	6339.18	18.37
205.59	6340.34	16.36
205.64	6341.51	13.35
205.69	6342.67	19.38
205.74	6343.84	9.83
205.79	6345.01	8.82
205.84	6346.17	10.83
205.89	6347.34	10.83
205.94	6348.5	10.33
205.99	6349.67	13.35
206.04	6350.84	11.84
206.09	6352	23.4
206.14	6353.17	15.36
206.19	6354.34	16.36
206.24	6355.5	16.36
206.29	6356.67	15.86
206.34	6357.83	18.37
206.39	6359	18.87
206.44	6360.17	20.88
206.49	6361.34	21.39
206.54	6362.51	15.86
206.59	6363.67	13.35
206.64	6366.01	14.85
206.74	6367.17	6.31
206.79	6368.34	7.82
206.84	6369.51	7.82
206.89	6370.67	9.83
206.94	6371.84	12.84
206.99	6373	15.36
207.04	6374.17	18.87
207.09	6375.34	22.9
207.14	6376.5	20.88
207.19	6377.67	21.89
207.24	6378.83	23.9
207.29	6380	26.41
207.34	6381.17	30.44
207.39	6382.33	31.94
207.44	6383.5	33.45
207.49	6384.67	30.44
207.54	6385.84	26.41
207.59	6387.01	18.87
207.64	6388.17	14.85
207.69	6389.34	10.83
207.74	6390.51	10.33
207.79	6391.67	9.83
207.84	6392.84	11.33
207.89	6394	11.84
207.94	6395.17	13.35
207.99	6605.42	17.37
213.44	6608.22	27.42
213.54	6611.04	17.37
213.64	6613.84	18.87
213.74	6616.65	20.38
213.84	6619.45	21.89
213.94	6622.27	29.43
214.04	6625.08	24.4
214.14	6627.88	22.39
214.24	6630.69	16.86
214.34	6633.49	11.84
214.44	6636.31	10.83
214.54	6639.12	17.87
214.64	6641.92	25.41
214.74	6644.73	29.93
214.84	6647.54	28.93
214.94	6650.35	11.84
215.04	6653.16	8.82
215.14	6655.96	10.33
215.24	6658.78	13.35
215.34	6661.58	17.87
215.44	6664.39	19.38
215.54	6667.2	24.91
215.64	6669.96	27.42
215.74	6672.7	24.4
215.84	6675.43	10.83
215.94	6678.17	8.32
216.04	6680.9	9.83
216.14	6683.64	13.35
216.24	6686.38	16.36
216.34	6689.11	21.39
216.44	6691.84	20.38
216.54	6694.58	21.39
216.64	6697.32	17.37
216.74	6700.05	8.32
216.84	6702.78	8.82
216.94	6705.52	9.83
217.04	6708.26	15.86
217.14	6710.99	20.38
217.24	6713.73	26.92
217.34	6716.46	26.41
217.44	6719.2	22.9
217.54	6721.93	16.36
217.64	6724.67	12.34
217.74	6727.4	12.34
217.84	6729.6	10.33
217.94	6731.76	11.33
218.04	6733.92	9.83
218.14	6736.07	12.84
218.24	6738.23	17.87
218.34	6740.4	19.88
218.44	6742.56	27.92
218.54	6744.71	28.42
218.64	6746.87	26.41
218.74	6749.04	17.87
218.84	6751.2	12.34
218.94	6753.36	13.35
219.04	6755.51	15.86
219.14	6757.68	18.37
219.24	6759.84	28.42
219.34	6762	25.91
219.44	6764.16	13.35
219.54	6766.31	7.31
219.64	6768.48	7.31
219.74	6770.64	8.82
219.84	6772.72	9.32
219.94	6774.78	12.84
220.04	6776.84	14.35
220.14	6778.9	21.39
220.24	6780.97	27.92
220.34	6783.02	30.44
220.44	6785.09	17.87
220.54	6787.15	8.82
220.64	6789.21	8.32
220.74	6791.27	9.32
220.84	6793.33	10.83
220.94	6795.4	13.85
221.04	6797.46	16.86
221.14	6799.52	20.38
221.24	6800.56	23.9
221.29	6801.58	21.39
221.34	6802.62	30.44
221.39	6803.65	22.9
221.44	6804.68	25.41
221.49	6805.71	27.42
221.54	6806.74	15.86
221.59	6807.77	12.34
221.64	6808.8	11.33
221.69	6809.83	17.87
221.74	6810.86	11.84
221.79	6811.9	13.35
221.84	6812.98	14.85
221.89	6814.14	18.37
221.94	6815.3	29.43
221.99	6816.46	19.88
222.04	6818.78	20.38
222.14	6819.94	23.4
222.19	6821.1	26.92
222.24	6822.26	30.44
222.29	6823.42	35.46
222.34	6824.58	32.95
222.39	6825.74	29.43
222.44	6826.91	25.91
222.49	6828.06	19.88
222.54	6829.23	16.36
222.59	6830.38	15.36
222.64	6831.54	11.33
222.69	6832.71	13.35
222.74	6833.86	16.36
222.79	6835.03	24.4
222.84	6836.18	22.9
222.89	6837.35	26.41
222.94	6838.51	35.46
222.99	6839.67	35.96
223.04	6840.83	36.47
223.09	6841.99	36.97
223.14	6843.15	29.43
223.19	6844.31	22.39
223.24	6845.47	15.36
223.29	6846.63	33.45
223.34	6847.79	9.83
223.39	6848.95	9.32
223.44	6850.11	12.34
223.49	6851.27	14.35
223.54	6853.53	11.84
223.64	6854.63	10.83
223.69	6855.75	11.33
223.74	6856.86	11.33
223.79	6857.96	15.86
223.84	6859.08	23.4
223.89	6860.18	26.92
223.94	6861.3	25.41
223.99	6862.41	30.94
224.04	6863.51	32.95
224.09	6864.63	16.86
224.14	6865.73	24.4
224.19	6866.84	6.31
224.24	6867.96	7.31
224.29	6869.06	9.32
224.34	6870.18	6.31
224.39	6871.29	7.31
224.44	6872.39	8.32
224.49	6873.51	13.35
224.54	6874.61	20.88
224.59	6875.73	14.35
224.64	6876.84	15.36
224.69	6877.94	17.37
224.74	6879.06	19.88
224.79	6880.16	21.39
224.84	6881.27	23.4
224.89	6882.39	24.4
224.94	6883.49	20.88
224.99	6886.82	15.36
225.14	6887.94	7.82
225.19	6889.04	16.36
225.24	6890.15	8.82
225.29	6891.27	18.87
225.34	6892.47	8.82
225.39	6893.71	9.83
225.44	6894.94	12.84
225.49	6896.18	11.84
225.54	6897.42	8.82
225.59	6898.66	14.35
225.64	6899.9	10.33
225.69	6901.14	12.84
225.74	6902.37	11.84
225.79	6903.61	17.87
225.84	6904.84	19.88
225.89	6906.09	15.36
225.94	6907.33	15.36
225.99	6908.56	14.85
226.04	6909.8	15.86
226.09	6911.03	17.87
226.14	6912.27	19.88
226.19	6913.52	22.9
226.24	6923.42	23.4
226.64	6924.65	17.37
226.69	6925.89	9.32
226.74	6927.12	11.33
226.79	6928.37	12.34
226.84	6929.61	14.85
226.89	6930.84	15.86
226.94	6932.08	16.86
226.99	6933.32	20.38
227.04	6934.55	22.39
227.09	6935.79	27.42
227.14	6937.03	28.42
227.19	6938.27	27.42
227.24	6939.51	24.4
227.29	6940.74	25.41
227.34	6941.98	11.84
227.39	6943.22	10.83
227.44	6944.46	10.83
227.49	6945.7	17.87
227.54	6946.93	15.36
227.59	6948.17	16.36
227.64	6949.41	19.88
227.69	6950.64	24.4
227.74	6951.89	25.91
227.79	6953.12	25.91
227.84	6954.36	25.41
227.89	6955.86	24.91
227.94	6957.49	21.39
227.99	6959.13	30.44
228.04	6962.4	12.34
228.14	6964.03	8.82
228.19	6965.66	10.83
228.24	6967.3	12.84
228.29	6968.94	14.85
228.34	6970.56	15.86
228.39	6972.2	15.86
228.44	6973.83	18.37
228.49	6975.47	18.87
228.54	6977.11	18.87
228.59	6978.73	18.37
228.64	6980.37	18.87
228.69	6982	16.86
228.74	6983.64	15.86
228.79	6985.27	11.33
228.84	6986.9	13.35
228.89	6990.18	12.34
228.99	6993.44	16.86
229.09	6996.71	19.38
229.19	6999.97	22.39
229.29	7003.24	20.88
229.39	7006.52	14.35
229.49	7009.78	10.83
229.59	7013.04	8.82
229.69	7016.31	11.84
229.79	7018.69	17.37
229.89	7020.12	21.89
229.99	7056.45	21.89
232.54	7057.87	15.86
232.64	7059.3	18.37
232.74	7060.73	17.87
232.84	7062.15	20.38
232.94	7063.57	21.39
233.04	7065	23.4
233.14	7066.53	24.91
233.24	7068.1	23.9
233.34	7069.67	24.4
233.44	7071.24	23.9
233.54	7072.81	27.42
233.64	7074.38	25.91
233.74	7075.95	42.5
233.84	7077.52	9.83
233.94	7079.1	21.39
234.04	7080.67	6.31
234.14	7083.07	11.33
234.24	7085.94	5.81
234.34	7088.82	9.83
234.44	7091.69	12.34
234.54	7094.56	9.83
234.64	7097.43	11.84
234.74	7100.31	14.85
234.84	7103.18	14.35
234.94	7106.05	22.39
235.04	7108.92	14.85
235.14	7111.79	14.85
235.24	7114.67	15.86
235.34	7117.54	18.87
235.44	7120.41	18.87
235.54	7123.28	21.39
235.64	7126.16	22.9
235.74	7129.03	18.87
235.84	7131.9	9.83
235.94	7134.72	8.32
236.04	7136.8	12.84
236.14	7138.88	10.33
236.24	7140.96	10.83
236.34	7143.04	14.85
236.44	7145.11	16.36
236.54	7147.2	17.37
236.64	7149.28	22.9
236.74	7151.36	26.92
236.84	7153.44	21.39
236.94	7155.52	13.85
237.04	7157.6	9.32
237.14	7159.68	13.85
237.24	7161.76	15.36
237.34	7163.84	17.87
237.44	7165.92	22.39
237.54	7168	27.92
237.64	7170.08	34.46
237.74	7172.16	26.41
237.84	7174.24	19.38
237.94	7176.32	9.83
238.04	7178.43	8.82
238.14	7180.66	11.84
238.24	7182.9	12.34
238.34	7185.13	15.86
238.44	7187.36	18.87
238.54	7189.59	24.4
238.64	7191.84	28.93
238.74	7194.07	28.93
238.84	7196.3	16.36
238.94	7198.53	10.83
239.04	7200.76	9.83
239.14	7203	14.85
239.24	7205.23	15.36
239.34	7207.47	14.85
239.44	7209.7	15.86
239.54	7211.94	16.36
239.64	7214.17	16.86
239.74	7216.4	16.86
239.84	7218.63	17.87
239.94	7220.9	12.84
240.04	7223.19	8.32
240.14	7225.47	6.31
240.24	7227.75	7.31
240.34	7230.03	8.32
240.44	7232.32	9.32
240.54	7234.61	12.84
240.64	7236.89	14.35
240.74	7239.17	14.85
240.84	7241.46	20.38
240.94	7243.74	23.9
241.04	7246.03	28.42
241.14	7248.31	21.89
241.24	7250.6	10.33
241.34	7252.88	6.31
241.44	7255.61	6.31
241.54	7269.53	6.81
242.04	7272.32	30.94
242.14	7275.11	37.98
242.24	7277.89	33.95
242.34	7280.67	29.93
242.44	7283.46	30.44
242.54	7286.25	31.94
242.64	7289.03	28.42
242.74	7291.82	25.91
242.84	7294.6	17.87
242.94	7297.38	12.84
243.04	7300.17	12.34
243.14	7302.5	12.34
243.24	7304.76	14.85
243.34	7307.01	15.86
243.44	7309.28	15.36
243.54	7311.54	18.37
243.64	7313.79	15.86
243.74	7316.05	12.34
243.84	7318.31	12.84
243.94	7320.57	16.36
244.04	7322.83	13.35
244.14	7325.08	14.85
244.24	7327.34	22.9
244.34	7329.6	25.91
244.44	7331.86	23.4
244.54	7334.12	23.4
244.64	7336.37	20.38
244.74	7338.64	16.86
244.84	7340.89	19.38
244.94	7343.15	11.84
245.04	7345.41	12.84
245.14	7347.89	11.33
245.24	7350.44	14.35
245.34	7352.99	18.37
245.44	7355.54	22.39
245.54	7358.09	23.4
245.64	7360.65	21.39
245.74	7363.21	17.87
245.84	7365.76	16.36
245.94	7368.31	15.36
246.04	7370.87	20.88
246.14	7373.42	20.38
246.24	7375.97	19.38
246.34	7378.52	17.87
246.44	7381.08	11.33
246.54	7383.63	9.32
246.64	7386.18	16.36
246.74	7388.73	11.33
246.84	7391.28	11.84
246.94	7393.84	14.35
247.04	7396.39	13.85
247.14	7398.94	12.34
247.24	7401.5	18.37
247.34	7404.06	16.86
247.44	7406.61	19.88
247.54	7409.16	20.88
247.64	7411.71	19.88
247.74	7414.27	17.87
247.84	7416.82	11.84
247.94	7419.11	8.82
248.04	7421.37	6.81
248.14	7423.62	8.32
248.24	7425.89	9.83
248.34	7428.15	12.84
248.44	7430.4	17.37
248.54	7432.66	17.37
248.64	7434.92	18.37
248.74	7437.18	15.36
248.84	7439.44	10.83
248.94	7441.69	11.33
249.04	7443.96	12.84
249.14	7446.21	13.85
249.24	7448.47	16.36
249.34	7450.73	17.37
249.44	7452.98	18.37
249.54	7457.5	16.36
249.74	7459.76	13.35
249.84	7462.02	7.82
249.94	7466.59	5.81
250.14	7468.88	5.81
250.24	7471.17	8.32
250.34	7473.46	8.82
250.44	7475.75	11.84
250.54	7478.03	14.85
250.64	7480.32	17.87
250.74	7482.61	19.38
250.84	7484.9	24.91
250.94	7510.08	23.9
252.04	7512.36	23.9
252.14	7515.11	25.91
252.24	7518.82	36.97
252.34	7522.53	34.46
252.44	7526.24	29.93
252.54	7529.96	45.01
252.64	7533.67	39.99
252.74	7537.38	63.61
252.84	7541.09	12.84
252.94	7544.81	21.89
253.04	7548.53	18.37
253.14	7552.24	17.37
253.24	7555.95	22.9
253.34	7559.66	22.39
253.44	7563.38	25.41
253.54	7567.09	26.92
253.64	7570.8	27.92
253.74	7574.51	26.41
253.84	7578.25	24.4
253.94	7582	21.89
254.04	7585.75	13.85
254.14	7589.5	17.37
254.24	7593.26	22.39
254.34	7597.02	13.35
254.44	7600.77	20.88
254.54	7604.52	18.37
254.64	7608.27	32.45
254.74	7612.03	16.36
254.84	7615.79	22.39
254.94	7619.54	16.36
255.04	7623.29	42
255.14	7627.06	22.39
255.24	7630.89	9.32
255.34	7634.71	13.85
255.44	7638.54	14.35
255.54	7642.38	16.36
255.64	7646.21	25.91
255.74	7650.03	25.91
255.84	7653.86	28.93
255.94	7657.69	28.93
256.04	7661.53	27.42
256.14	7663.77	12.84
256.24	7665.71	7.82
256.34	7667.65	11.84
256.44	7669.6	15.36
256.54	7671.55	12.84
256.64	7673.49	14.85
256.74	7675.43	21.89
256.84	7677.39	18.87
256.94	7679.33	21.89
257.04	7681.27	21.89
257.14	7683.22	17.37
257.24	7685.16	20.88
257.34	7687.11	14.35
257.44	7689.05	16.36
257.54	7691	16.36
257.64	7692.94	18.87
257.74	7695.25	21.39
257.84	7697.8	22.39
257.94	7700.35	28.42
258.04	7702.9	23.4
258.14	7705.46	18.87
258.24	7708.01	13.85
258.34	7710.56	12.34
258.44	7713.11	12.34
258.54	7715.67	13.85
258.64	7718.22	18.87
258.74	7720.77	15.36
258.84	7723.33	17.37
258.94	7725.88	20.88
259.04	7728.44	21.89
259.14	7730.99	17.87
259.24	7733.54	16.36
259.34	7736.09	13.85
259.44	7738.65	13.35
259.54	7741.2	16.86
259.64	7743.75	18.37
259.74	7746.3	17.87
259.84	7748.85	19.38
259.94	7751.41	30.94
260.04	7753.96	8.32
260.14	7756.51	5.81
260.24	7758.61	6.31
260.34	7760.62	6.81
260.44	7762.62	8.82
260.54	7764.62	11.84
260.64	7766.63	13.35
260.74	7768.64	18.87
260.84	7770.64	23.9
260.94	7778.65	23.9
261.34	7780.65	51.55
261.44	7782.65	43
261.54	7784.65	17.87
261.64	7786.66	59.09
261.74	7788.66	22.39
261.84	7790.67	21.39
261.94	7792.67	20.88
262.04	7794.68	33.45
262.14	7796.68	21.39
262.24	7798.68	20.38
262.34	7800.68	32.45
262.44	7802.68	31.44
262.54	7804.69	29.93
262.64	7806.69	52.05
262.74	7808.69	33.45
262.84	7810.69	22.9
262.94	7812.7	12.34
263.04	7814.7	14.35
263.14	7816.71	13.85
263.24	7818.71	15.86
263.34	7820.72	23.4
263.44	7822.72	16.36
263.54	7824.72	17.87
263.64	7826.72	22.9
263.74	7828.72	33.95
263.84	7830.73	30.44
263.94	7832.73	29.93
264.04	7834.73	33.95
264.14	7836.73	34.46
264.24	7838.74	39.99
264.34	7840.74	29.93
264.44	7842.75	17.87
264.54	7844.75	17.87
264.64	7846.76	25.91
264.74	7848.76	25.41
264.84	7850.76	24.91
264.94	7852.76	23.9
265.04	7854.77	23.9
265.14	7856.77	40.99
265.24	7859.42	32.95
265.34	7862.66	41.49
265.44	7865.91	44.01
265.54	7869.18	33.45
265.64	7872.42	24.4
265.74	7875.67	36.97
265.84	7878.92	30.94
265.94	7882.18	41.49
266.04	7885.43	38.98
266.14	7888.68	30.44
266.24	7891.93	22.9
266.34	7895.18	23.9
266.44	7898.44	35.46
266.54	7901.69	39.99
266.64	7904.94	37.47
266.74	7908.19	27.42
266.84	7924.46	14.85
267.34	7927.71	32.45
267.44	7930.96	19.38
267.54	7934.21	19.88
267.64	7937.46	20.38
267.74	7940.72	21.89
267.84	7943.97	29.93
267.94	7947.21	24.91
268.04	7950.46	14.85
268.14	7953.73	37.98
268.24	7956.97	18.87
268.34	7960.22	15.86
268.44	7963.47	15.36
268.54	7966.73	18.87
268.64	7969.98	25.41
268.74	7973.23	29.43
268.84	7976.48	24.91
268.94	7979.73	12.84
269.04	7982.99	10.83
269.14	7986.24	14.85
269.24	7989.49	29.43
269.34	7992.74	34.46