depth	min95%	max95%	best	accrate
0	1691	2286	1787	230.42
1	1910	2468	2017	230.19
2	2099	2649	2248	229.12
3	2271	2833	2477	227.11
4	2442	3019	2704	224.15
5	2620	3209	2928	220.25
6	2798	3396	3148	215.4
7	2974	3579	3364	209.61
8	3148	3748	3573	202.87
9	3319	3913	3776	195.19
10	3487	4090	3971	186.79
11	3651	4279	4158	178.6
12	3811	4463	4337	170.85
13	3968	4643	4508	163.53
14	4122	4816	4671	156.64
15	4273	4984	4828	150.19
16	4421	5141	4978	144.18
17	4566	5292	5122	138.6
18	4709	5437	5261	133.46
19	4852	5575	5394	128.75
20	4992	5714	5523	124.48
21	5130	5847	5647	120.65
22	5266	5973	5768	117.25
23	5403	6099	5885	114.28
24	5542	6215	6000	111.75
25	5676	6332	6111	109.66
26	5809	6452	6221	108
27	5942	6571	6329	106.78
28	6074	6683	6436	106
29	6207	6798	6542	105.65
30	6342	6907	6647	105.73
31	6475	7014	6753	106.25
32	6611	7122	6859	107.21
33	6744	7229	6967	108.6
34	6878	7336	7075	110.43
35	7017	7450	7186	112.69
36	7156	7571	7298	115.39
37	7295	7691	7414	118.53
38	7436	7808	7532	122.1
39	7575	7928	7654	126.1
40	7710	8047	7780	130.43
41	7842	8168	7911	134.66
42	7973	8294	8046	138.66
43	8104	8427	8184	142.43
44	8242	8563	8327	145.99
45	8379	8702	8473	149.33
46	8519	8843	8622	152.45
47	8663	8987	8774	155.34
48	8809	9131	8930	158.02
49	8960	9274	9088	160.47
50	9114	9421	9248	162.71
51	9270	9574	9411	164.72
52	9429	9727	9576	166.51
53	9589	9882	9742	168.08
54	9749	10042	9910	169.43
55	9914	10208	10080	170.56
56	10077	10372	10250	171.47
57	10239	10530	10422	172.16
58	10405	10693	10594	172.62
59	10576	10868	10767	172.87
60	10738	11045	10939	172.93
61	10910	11222	11112	172.95
62	11084	11396	11285	172.96
63	11256	11576	11458	172.96
64	11428	11759	11631	172.96
65	11601	11943	11804	172.94
66	11772	12128	11977	172.92
67	11943	12313	12150	172.9
68	12118	12499	12323	172.86
69	12292	12685	12496	172.82
70	12469	12870	12669	172.77
71	12639	13054	12841	172.71
72	12814	13240	13014	172.65
73	12989	13425	13187	172.58
74	13164	13608	13359	172.5
75	13336	13792	13532	172.41
76	13508	13974	13704	172.32
77	13684	14154	13877	172.22
78	13857	14336	14049	172.11
79	14028	14514	14221	171.99
80	14201	14693	14393	171.87
81	14379	14872	14565	171.73
82	14553	15050	14736	171.59
83	14718	15223	14908	171.45
84	14885	15396	15079	171.29
85	15057	15568	15251	171.13
86	15226	15737	15422	170.96
87	15396	15899	15593	170.79
88	15562	16061	15764	170.6
89	15728	16220	15934	170.41
90	15896	16380	16105	169.98
91	16065	16542	16275	168.41
92	16231	16695	16443	165.47
93	16387	16845	16609	161.16
94	16544	16983	16770	155.72
95	16692	17125	16925	150.12
96	16839	17258	17076	144.62
97	16980	17393	17220	139.2
98	17116	17523	17359	133.87
99	17237	17644	17493	128.63
100	17368	17763	17622	123.48
101	17499	17885	17745	118.42
102	17616	18016	17864	113.44
103	17730	18140	17977	108.56
104	17842	18265	18086	103.93
105	17954	18390	18190	100.28
106	18063	18512	18290	97.76
107	18167	18633	18388	96.37
108	18276	18748	18484	96.13
109	18386	18861	18580	97.03
110	18497	18974	18677	99.06
111	18604	19088	18776	102.23
112	18719	19205	18879	106.54
113	18838	19320	18985	111.99
114	18948	19434	19097	118.24
115	19054	19552	19215	123.95
116	19159	19664	19339	128.77
117	19275	19780	19468	132.72
118	19388	19898	19601	135.78
119	19501	20019	19737	137.96
120	19619	20141	19875	139.25
121	19743	20260	20014	139.67
122	19868	20381	20153	139.2
123	19994	20503	20293	137.86
124	20122	20622	20430	135.8
125	20250	20741	20566	133.75
126	20379	20862	20700	131.86
127	20511	20985	20832	130.15
128	20649	21106	20962	128.61
129	20788	21231	21091	127.25
130	20920	21358	21218	126.06
131	21052	21478	21344	125.04
132	21185	21605	21469	124.2
133	21319	21736	21593	123.53
134	21453	21861	21717	123.03
135	21590	21988	21840	122.7
136	21727	22114	21962	122.55
137	21871	22239	22085	122.57
138	22004	22362	22208	122.77
139	22139	22487	22330	123.14
140	22277	22614	22454	123.68
141	22415	22739	22577	124.39
142	22549	22861	22702	125.28
143	22685	22987	22827	126.34
144	22824	23111	22953	127.54
145	22963	23236	23081	128.73
146	23093	23364	23209	129.89
147	23225	23489	23339	131.01
148	23357	23614	23470	132.1
149	23493	23738	23602	133.14
150	23626	23863	23736	134.15
151	23760	23994	23870	135.13
152	23897	24125	24005	136.06
153	24035	24259	24141	136.96
154	24175	24390	24278	137.82
155	24313	24526	24416	138.65
156	24453	24668	24554	139.43
157	24594	24811	24694	140.18
158	24733	24952	24834	140.9
159	24868	25096	24975	141.57
160	25002	25244	25116	142.21
161	25140	25390	25259	142.81
162	25276	25539	25401	143.37
163	25406	25688	25545	143.9
164	25536	25834	25689	144.33
165	25664	25980	25833	144.43
166	25794	26122	25978	144.13
167	25924	26267	26122	143.44
168	26051	26410	26265	142.36
169	26169	26553	26407	140.88
170	26293	26695	26548	139.01
171	26420	26842	26687	136.75
172	26543	26982	26824	134.09
173	26665	27127	26958	131.05
174	26790	27276	27089	127.8
175	26913	27423	27217	125.11
176	27037	27565	27342	123.18
177	27164	27705	27465	122.01
178	27290	27845	27587	121.59
179	27418	27986	27709	121.92
180	27548	28127	27831	123.02
181	27681	28264	27954	124.87
182	27817	28400	28079	127.47
183	27955	28533	28206	130.83
184	28101	28668	28337	134.79
185	28251	28809	28472	138.73
186	28403	28943	28611	142.49
187	28559	29081	28753	146.07
188	28717	29222	28899	149.48
189	28875	29360	29049	152.71
190	29035	29511	29201	155.77
191	29199	29659	29357	158.65
192	29363	29806	29516	161.35
193	29525	29949	29677	163.88
194	29692	30103	29841	166.22
195	29857	30255	30007	168.4
196	30027	30410	30176	170.39
197	30195	30574	30346	172.21
198	30362	30735	30518	173.85
199	30533	30907	30692	175.32
200	30700	31079	30867	176.61
201	30873	31251	31044	177.66
202	31039	31423	31222	178.23
203	31202	31596	31400	178.26
204	31367	31775	31578	177.75
205	31533	31957	31756	176.7
206	31697	32134	31933	175.1
207	31855	32312	32108	172.97
208	32024	32486	32281	170.29
209	32184	32654	32451	167.07
210	32338	32822	32618	163.31
211	32501	32989	32781	159.16
212	32654	33155	32940	155.25
213	32812	33317	33096	151.71
214	32967	33474	33247	148.56
215	33122	33628	33396	145.78
216	33281	33777	33542	143.4
217	33434	33926	33685	141.39
218	33578	34074	33827	139.77
219	33727	34217	33966	138.53
220	33868	34359	34105	137.67
221	34009	34495	34242	137.12
222	34154	34632	34380	136.6
223	34297	34766	34516	136.01
224	34428	34906	34652	135.38
225	34555	35042	34788	134.69
226	34685	35183	34922	133.94
227	34815	35313	35056	133.15
228	34939	35444	35189	132.29
229	35065	35585	35322	131.39
230	35187	35737	35453	130.43
231	35309	35893	35583	129.48
232	35434	36045	35713	128.82
233	35561	36202	35842	128.52
234	35681	36356	35970	128.57
235	35804	36517	36099	128.98
236	35925	36677	36228	129.74
237	36044	36827	36358	130.85
238	36169	36973	36488	132.32
239	36296	37138	36621	134.15
240	36420	37299	36755	136.32
241	36544	37468	36891	138.79
242	36678	37637	37030	141.25
243	36811	37807	37171	143.65
244	36952	37981	37315	145.97
245	37079	38147	37461	148.23
246	37218	38319	37609	150.42
247	37357	38488	37760	152.53
248	37498	38658	37912	154.58
249	37638	38828	38067	156.56
250	37779	38997	38223	158.47
251	37922	39167	38382	160.31
252	38061	39339	38542	162.08
253	38205	39509	38704	163.79
254	38354	39678	38868	165.42
255	38507	39847	39033	166.98
256	38654	40016	39200	168.48
257	38802	40184	39369	169.9
258	38942	40358	39539	171.26
259	39085	40529	39710	172.54
260	39232	40701	39882	173.76
261	39380	40880	40056	174.91
262	39533	41058	40231	175.99
263	39693	41232	40407	176.99
264	39855	41420	40584	177.93
265	40019	41600	40762	178.8
266	40181	41781	40941	179.61
267	40337	41958	41120	180.34
268	40484	42135	41301	181
269	40646	42316	41482	181.59
270	40808	42505	41663	182.12
271	40963	42694	41846	182.57
272	41119	42875	42028	182.96
273	41275	43058	42211	183.27
274	41432	43234	42394	183.52
275	41593	43413	42578	183.69
276	41758	43590	42762	183.8
277	41925	43763	42945	183.84
278	42092	43943	43129	183.81
279	42259	44115	43313	183.71
280	42425	44294	43497	183.54
281	42579	44480	43680	183.3
282	42748	44666	43864	182.99
283	42919	44851	44047	182.62
284	43090	45023	44229	182.17
285	43261	45190	44411	181.65
286	43435	45354	44593	181.07
287	43604	45526	44774	180.41
288	43775	45717	44954	179.69
289	43943	45898	45134	178.9
290	44111	46078	45313	178.03
291	44279	46247	45491	177.1
292	44446	46430	45668	176.1
293	44613	46602	45844	175.03
294	44778	46772	46019	173.89
295	44935	46963	46193	172.68
296	45090	47147	46366	171.4
297	45239	47328	46537	170.08
298	45396	47507	46707	168.78
299	45547	47692	46876	167.54
300	45709	47878	47044	166.36
301	45855	48067	47210	165.24
302	45998	48248	47375	164.16
303	46153	48432	47539	163.15
304	46307	48621	47703	162.19
305	46461	48807	47865	161.28
306	46615	48991	48026	160.43
307	46769	49172	48186	159.63
308	46923	49364	48346	158.89
309	47082	49546	48505	158.21
310	47230	49723	48663	157.58
311	47373	49901	48821	157
312	47512	50084	48978	156.48
313	47653	50266	49134	156.02
314	47794	50456	49290	155.61
315	47935	50648	49446	155.25
316	48075	50833	49601	154.95
317	48217	51018	49756	154.71
318	48357	51203	49911	154.52
319	48494	51383	50065	154.39
320	48627	51568	50220	154.31
321	48751	51753	50374	154.29
322	48882	51946	50528	154.32
323	49015	52151	50683	154.41
324	49149	52352	50837	154.55
325	49284	52554	50992	154.75
326	49420	52727	51146	155
327	49557	52916	51301	155.31
328	49694	53097	51457	155.67
329	49832	53313	51612	156.09
330	49971	53526	51768	156.56
331	50136	53713	51925	157.09
332	50321	53897	52082	157.67
333	50460	54077	52240	158.31
334	50612	54257	52398	159.01
335	50743	54437	52557	159.76
336	50877	54630	52717	160.56
337	51019	54841	52877	161.42
338	51183	55055	53039	162.34
339	51371	55264	53201	163.31
340	51524	55459	53364	164.33
341	51679	55655	53529	165.42
342	51848	55852	53694	166.55
343	52020	56050	53861	167.74
344	52186	56248	54028	168.99
345	52339	56448	54197	170.29
346	52502	56664	54368	171.65
347	52652	56874	54539	173.06
348	52814	57083	54712	174.53
349	52969	57285	54887	176.05
350	53129	57485	55063	177.63
351	53301	57701	55241	179.26
352	53476	57927	55420	180.95
353	53653	58149	55601	182.69
354	53829	58378	55784	184.49
355	54015	58611	55968	186.34
356	54185	58850	56154	188.25
357	54356	59089	56343	190.21
358	54553	59329	56533	192.23
359	54750	59550	56725	194.31
360	54940	59776	56919	196.44
361	55129	60014	57116	198.62
362	55305	60253	57314	200.86
363	55490	60498	57515	203.16
364	55675	60743	57718	205.51
365	55858	60989	57924	207.91
366	56046	61236	58132	210.37
367	56241	61469	58342	212.89
368	56459	61701	58555	215.46
369	56675	61934	58771	218.09
370	56885	62169	58989	220.77
371	57119	62405	59209	223.51
372	57330	62643	59433	226.3
373	57528	62882	59659	229.14
374	57741	63123	59888	232.05
375	57966	63367	60120	235
376	58198	63620	60355	238.02
377	58441	63875	60593	241.09
378	58690	64131	60835	244.21
379	58949	64389	61079	247.39
380	59199	64648	61326	250.62
381	59459	64909	61577	253.91
382	59709	65172	61831	257.25
383	59964	65426	62088	260.65
384	60236	65689	62349	264.11
385	60507	65941	62613	267.62
386	60799	66195	62880	271.18
387	61075	66451	63151	274.8
388	61349	66707	63426	278.47
389	61630	66965	63705	282.21
390	61916	67225	63987	285.99
391	62200	67486	64273	289.83
392	62492	67759	64563	293.73
393	62783	68035	64857	297.68
394	63079	68313	65154	301.68
395	63389	68596	65456	305.75
396	63694	68880	65762	309.86
397	64006	69165	66071	314.03
398	64332	69453	66386	318.26
399	64668	69742	66704	322.54
400	65008	70025	67026	326.85
401	65338	70309	67353	331.06
402	65697	70596	67684	335.15
403	66060	70886	68019	339.11
404	66393	71196	68359	342.94
405	66740	71499	68701	346.65
406	67104	71772	69048	350.23
407	67460	72084	69398	353.69
408	67834	72425	69752	357.02
409	68214	72765	70109	360.23
410	68593	73056	70469	363.31
411	68981	73362	70833	366.26
412	69353	73694	71199	369.09
413	69739	74032	71568	371.8
414	70132	74372	71940	374.37
415	70527	74699	72314	376.82
416	70892	75025	72691	379.15
417	71301	75350	73070	381.35
418	71698	75671	73451	383.42
419	72104	75998	73835	385.37
420	72507	76308	74220	387.19
421	72920	76667	74607	388.89
422	73327	76988	74996	390.46
423	73740	77340	75387	391.91
424	74140	77685	75779	393.23
425	74544	78071	76172	394.42
426	74951	78434	76566	395.49
427	75361	78784	76962	396.43
428	75769	79172	77358	397.25
429	76183	79522	77756	397.94
430	76596	79888	78153	398.51
431	77016	80238	78552	398.95
432	77455	80593	78951	399.26
433	77875	80964	79350	399.45
434	78284	81374	79750	399.51
435	78698	81754	80149	399.45
436	79105	82128	80549	399.26
437	79517	82503	80948	398.94
438	79907	82912	81347	398.5
439	80325	83303	81745	397.94
440	80698	83724	82143	397.25
441	81072	84112	82540	396.43
442	81450	84498	82937	395.48
443	81846	84863	83332	394.42
444	82271	85247	83727	393.22
445	82639	85652	84120	391.9
446	83015	86042	84512	390.48
447	83411	86426	84902	388.99
448	83782	86809	85291	387.42
449	84196	87189	85679	385.77
450	84580	87549	86065	384.05
451	84957	87927	86449	382.26
452	85324	88313	86831	380.4
453	85697	88688	87211	378.46
454	86070	89079	87590	376.45
455	86440	89472	87966	374.37
456	86785	89862	88341	372.23
457	87166	90244	88713	370.01
458	87483	90623	89083	367.72
459	87785	91002	89451	365.35
460	88113	91350	89816	362.92
461	88431	91736	90179	360.42
462	88739	92099	90539	357.84
463	89098	92459	90897	355.2
464	89414	92819	91252	352.48
465	89727	93193	91605	349.7
466	90062	93562	91954	346.84
467	90377	93932	92301	343.91
468	90693	94288	92645	340.91
469	91018	94639	92986	337.84
470	91343	94979	93324	334.7
471	91638	95314	93659	331.49
472	91960	95657	93990	328.21
473	92282	95998	94318	324.85
474	92602	96328	94643	321.43
475	92901	96681	94965	317.93
476	93211	97017	95283	314.39
477	93505	97339	95597	310.91
478	93783	97659	95908	307.5
479	94063	97984	96215	304.18
480	94362	98308	96520	300.93
481	94650	98616	96820	297.76
482	94925	98921	97118	294.68
483	95186	99251	97413	291.67
484	95469	99553	97705	288.74
485	95740	99860	97993	285.9
486	96025	100158	98279	283.13
487	96308	100463	98562	280.44
488	96570	100758	98843	277.83
489	96825	101057	99121	275.31
490	97069	101375	99396	272.86
491	97331	101687	99669	270.49
492	97591	101972	99939	268.21
493	97851	102254	100207	266
494	98118	102531	100473	263.87
495	98372	102819	100737	261.82
496	98629	103111	100999	259.85
497	98891	103392	101259	257.97
498	99139	103679	101517	256.16
499	99395	103942	101773	254.43
500	99649	104213	102028	252.78
501	99903	104494	102280	251.21
502	100155	104763	102532	249.73
503	100379	105027	102781	248.32
504	100627	105289	103030	246.99
505	100867	105548	103277	245.74
506	101122	105810	103522	244.57
507	101369	106070	103767	243.48
508	101617	106329	104010	242.47
509	101866	106586	104253	241.54
510	102114	106843	104494	240.69
511	102372	107097	104735	239.93
512	102623	107349	104975	239.24
513	102856	107603	105214	238.63
514	103100	107854	105453	238.1
515	103334	108105	105691	237.65
516	103566	108354	105929	237.28
517	103778	108601	106166	236.99
518	104037	108847	106403	236.78
519	104273	109091	106640	236.65
520	104510	109334	106876	236.6
521	104747	109575	107113	236.63
522	104981	109815	107350	236.74
523	105219	110076	107586	236.93
524	105458	110308	107823	237.2
525	105696	110525	108060	237.55
526	105950	110759	108298	237.97
527	106201	110992	108536	238.48
528	106453	111224	108774	239.07
529	106710	111455	109014	239.74
530	106974	111685	109253	240.49
531	107218	111914	109494	241.32
532	107479	112137	109735	242.23
533	107741	112361	109977	243.22
534	107975	112597	110221	244.28
535	108219	112854	110465	245.41
536	108457	113060	110710	246.58
537	108693	113297	110957	247.82
538	108938	113549	111205	249.11
539	109192	113801	111454	250.46
540	109438	114039	111704	251.86
541	109678	114306	111956	253.32
542	109932	114558	112209	254.83
543	110193	114811	112464	256.4
544	110456	115060	112721	258.02
545	110738	115318	112979	259.7
546	111002	115573	113238	261.44
547	111260	115844	113500	263.23
548	111523	116172	113763	265.08
549	111799	116499	114028	266.98
550	112079	116792	114295	268.93
551	112364	117086	114564	270.95
552	112655	117340	114835	273.02
553	112943	117581	115108	275.14
554	113225	117834	115383	277.32
555	113518	118110	115660	279.56
556	113812	118398	115940	281.85
557	114127	118648	116222	284.19
558	114410	118917	116506	286.6
559	114724	119250	116793	289.05
560	115043	119581	117082	291.57
561	115363	119900	117373	294.14
562	115686	120238	117667	296.76
563	116012	120569	117964	299.44
564	116342	120861	118264	302.18
565	116666	121196	118566	304.97
566	116998	121506	118871	307.81
567	117334	121799	119178	310.72
568	117648	122105	119489	313.67
569	117967	122442	119803	316.69
570	118312	122751	120120	319.76
571	118637	123075	120439	322.88
572	118971	123392	120762	326.06
573	119308	123709	121088	329.3
574	119642	124028	121418	332.59
575	119969	124349	121750	335.94
576	120302	124670	122086	339.34
577	120641	124993	122425	342.8
578	120992	125315	122768	346.31
579	121334	125617	123115	349.88
580	121711	125967	123464	353.5
581	122052	126304	123818	357.18
582	122397	126646	124175	360.92
583	122753	126985	124536	364.71
584	123104	127325	124901	368.56
585	123475	127651	125269	372.38
586	123871	127995	125642	375.88
587	124211	128324	126018	378.97
588	124589	128661	126397	381.66
589	124927	129011	126778	383.94
590	125244	129344	127162	385.82
591	125579	129676	127548	387.28
592	125956	130031	127935	388.35
593	126330	130439	128324	389.01
594	126708	130797	128713	389.26
595	127103	131143	129102	389.14
596	127489	131498	129491	388.77
597	127855	131853	129880	388.17
598	128260	132207	130268	387.35
599	128644	132563	130655	386.31
600	128995	132935	131042	385.04
601	129344	133297	131427	383.55
602	129658	133637	131810	381.84
603	129999	133992	132192	379.91
604	130343	134360	132572	377.76
605	130701	134722	132950	375.38
606	131068	135083	133325	372.78
607	131410	135452	133698	369.96
608	131748	135802	134068	366.91
609	132092	136151	134435	363.65
610	132437	136556	134798	360.2
611	132781	136955	135159	356.75
612	133098	137348	135515	353.33
613	133432	137677	135869	349.95
614	133775	138018	136219	346.61
615	134107	138404	136565	343.31
616	134417	138774	136909	340.04
617	134734	139121	137249	336.81
618	135048	139471	137585	333.61
619	135364	139813	137919	330.45
620	135699	140186	138249	327.33
621	136013	140550	138577	324.25
622	136314	140909	138901	321.2
623	136595	141252	139222	318.19
624	136913	141592	139540	315.22
625	137207	141926	139856	312.28
626	137512	142279	140168	309.38
627	137798	142611	140477	306.52
628	138121	142946	140784	303.69
629	138421	143256	141087	300.9
630	138710	143567	141388	298.15
631	138998	143885	141687	295.43
632	139263	144207	141982	292.75
633	139538	144525	142275	290.11
634	139839	144841	142565	287.51
635	140136	145154	142852	284.94
636	140431	145471	143137	282.41
637	140694	145786	143420	279.91
638	140957	146106	143700	277.45
639	141235	146419	143977	275.03
640	141497	146710	144252	272.65
641	141772	146994	144525	270.3
642	142041	147289	144795	267.99
643	142289	147583	145063	265.72
644	142549	147860	145329	263.48
645	142800	148134	145592	261.28
646	143050	148403	145853	259.12
647	143305	148668	146113	256.99
648	143559	148930	146370	254.9
649	143823	149198	146625	252.85
650	144085	149455	146877	250.84
651	144338	149721	147128	248.86
652	144605	149984	147377	246.92
653	144864	150243	147624	245.01
654	145122	150494	147869	243.14
655	145369	150749	148112	241.31
656	145599	151008	148353	239.52
657	145848	151256	148593	237.76
658	146096	151497	148831	236.04
659	146295	151737	149067	234.36
660	146509	151974	149301	232.71
661	146746	152214	149534	231.1
662	146982	152448	149765	229.53
663	147221	152683	149994	227.99
664	147457	152918	150222	226.49
665	147689	153151	150449	225.03
666	147920	153388	150674	223.6
667	148149	153612	150898	222.21
668	148378	153829	151120	220.86
669	148606	154043	151341	219.55
670	148814	154251	151560	218.27
671	149015	154455	151778	217.03
672	149214	154668	151995	215.82
673	149411	154883	152211	214.65
674	149607	155086	152426	213.52
675	149813	155290	152639	212.43
676	150010	155497	152852	211.37
677	150207	155685	153063	210.35
678	150425	155889	153274	209.37
679	150661	156097	153483	208.42
680	150897	156293	153691	207.51
681	151133	156501	153899	206.64
682	151356	156701	154106	205.8
683	151556	156900	154311	205
684	151808	157114	154516	204.24
685	152021	157296	154721	203.51
686	152267	157486	154924	202.83
687	152468	157681	155127	202.17
688	152654	157891	155329	201.56
689	152836	158108	155531	200.98
690	153031	158336	155732	200.44
691	153216	158560	155932	199.93
692	153407	158757	156132	199.46
693	153615	158963	156331	199.02
694	153825	159170	156531	198.6
695	154036	159371	156729	198.22
696	154237	159565	156927	197.86
697	154460	159752	157125	197.54
698	154680	159979	157323	197.25
699	154908	160204	157520	196.98
700	155103	160416	157717	196.75
701	155282	160626	157914	196.55
702	155479	160854	158110	196.37
703	155674	161053	158307	196.23
704	155889	161253	158503	196.12
705	156125	161426	158699	196.03
706	156325	161609	158895	195.98
707	156538	161839	159091	195.96
708	156751	162052	159287	195.97
709	156950	162247	159483	196
710	157138	162432	159679	196.07
711	157356	162615	159875	196.17
712	157556	162813	160071	196.3
713	157750	163014	160267	196.45
714	157947	163237	160464	196.64
715	158142	163438	160661	196.86
716	158339	163636	160857	197.11
717	158535	163831	161055	197.39
718	158736	164026	161252	197.7
719	158934	164220	161450	198.03
720	159126	164414	161648	198.4
721	159324	164608	161846	198.8
722	159517	164798	162045	199.23
723	159702	164995	162244	199.69
724	159905	165191	162444	200.18
725	160110	165384	162644	200.7
726	160316	165576	162845	201.25
727	160527	165792	163046	201.83
728	160730	165986	163248	202.44
729	160954	166210	163450	203.08
730	161172	166400	163653	203.75
731	161368	166631	163857	204.45
732	161575	166857	164061	205.18
733	161805	167047	164267	205.94
734	162036	167284	164473	206.73
735	162268	167508	164679	207.55
736	162470	167745	164887	208.4
737	162693	167981	165095	209.28
738	162906	168211	165304	210.19
739	163114	168432	165515	211.13
740	163297	168651	165726	212.1
741	163514	168854	165938	213.1
742	163722	169068	166151	214.13
743	163958	169304	166365	215.19
744	164193	169519	166580	216.29
745	164444	169733	166797	217.41
746	164650	169962	167014	218.56
747	164857	170194	167233	219.74
748	165084	170398	167452	220.95
749	165312	170592	167673	222.18
750	165542	170809	167895	223.4
751	165778	171042	168119	224.61
752	166035	171259	168343	225.82
753	166267	171488	168569	227.03
754	166474	171720	168796	228.24
755	166702	171951	169025	229.44
756	166938	172188	169254	230.63
757	167174	172404	169485	231.82
758	167383	172632	169716	233.01
759	167591	172854	169949	234.19
760	167830	173085	170184	235.37
761	168050	173315	170419	236.54
762	168295	173544	170656	237.71
763	168532	173764	170893	238.88
764	168736	173993	171132	240.04
765	168981	174204	171372	241.2
766	169249	174414	171613	242.35
767	169491	174628	171856	243.5
768	169754	174879	172099	244.65
769	169969	175126	172344	245.79
770	170199	175349	172590	246.92
771	170467	175549	172837	248.05
772	170737	175745	173085	249.18
773	170976	175989	173334	250.31
774	171215	176234	173584	251.43
775	171474	176459	173836	252.54
776	171703	176680	174088	253.65
777	171934	176896	174342	254.76
778	172179	177093	174596	255.86
779	172436	177291	174852	256.96
780	172669	177489	175109	258.06
781	172934	177713	175367	259.15
782	173206	177944	175627	260.23
783	173465	178186	175887	261.31
784	173706	178419	176148	262.39
785	173972	178678	176410	263.46
786	174211	178952	176674	264.53
787	174475	179207	176938	265.6
788	174748	179445	177204	266.66
789	175025	179701	177471	267.71
790	175304	179978	177738	268.77
791	175566	180252	178007	269.82
792	175820	180516	178277	270.86
793	176073	180780	178548	271.9
794	176341	181064	178820	272.93
795	176627	181340	179093	273.97
796	176915	181632	179367	274.99
797	177191	181871	179642	276.02
798	177453	182192	179918	277.03
799	177718	182467	180195	278.05
800	177999	182724	180473	279.06
801	178286	182982	180752	280.06
802	178576	183240	181032	281.07
803	178865	183522	181313	282.06
804	179169	183805	181595	283.06
805	179451	184075	181878	284.05
806	179744	184399	182162	285.03
807	180039	184690	182447	286.01
808	180326	184956	182733	286.99
809	180578	185260	183020	287.96
810	180848	185550	183308	288.93
811	181144	185834	183597	289.89
812	181408	186119	183887	290.85
813	181697	186405	184178	291.81
814	181995	186702	184470	292.76
815	182303	186995	184762	293.7
816	182608	187293	185056	294.63
817	182878	187603	185351	295.55
818	183184	187911	185646	296.47
819	183487	188197	185943	297.38
820	183783	188528	186240	298.28
821	184072	188837	186538	299.18
822	184397	189166	186838	300.06
823	184725	189494	187138	300.94
824	185019	189780	187439	301.81
825	185296	190083	187740	302.68
826	185613	190373	188043	303.53
827	185957	190650	188347	304.38
828	186303	190926	188651	305.22
829	186651	191200	188956	306.06
830	187001	191483	189262	306.88
831	187340	191804	189569	307.7
832	187668	192117	189877	308.51
833	187983	192446	190185	309.31
834	188307	192773	190495	310.11
835	188606	193106	190805	310.89
836	188911	193422	191116	311.67
837	189224	193755	191427	312.45
838	189547	194076	191740	313.21
839	189885	194374	192053	313.97
840	190215	194672	192367	314.72
841	190526	194979	192682	315.46
842	190861	195306	192997	316.19
843	191200	195617	193313	316.92
844	191513	195918	193630	317.64
845	191832	196254	193948	318.35
846	192136	196559	194266	319.05
847	192477	196882	194585	319.75
848	192808	197229	194905	320.43
849	193131	197527	195225	321.11
850	193451	197826	195547	321.79
851	193798	198137	195868	322.45
852	194128	198454	196191	323.11
853	194426	198795	196514	323.76
854	194722	199141	196838	324.4
855	195039	199487	197162	325.03
856	195332	199833	197487	325.66
857	195666	200165	197813	326.28
858	195998	200480	198139	326.89
859	196330	200804	198466	327.49
860	196633	201145	198793	328.09
861	196935	201481	199121	328.68
862	197248	201815	199450	329.26
863	197583	202146	199779	329.83
864	197886	202482	200109	330.4
865	198187	202812	200440	330.96
866	198490	203139	200771	331.51
867	198840	203478	201102	332.05
868	199122	203809	201434	332.58
869	199437	204140	201767	333.11
870	199771	204471	202100	333.63
871	200099	204801	202433	334.14
872	200375	205128	202768	334.65
873	200707	205456	203102	335.14
874	201018	205782	203437	335.63
875	201324	206119	203773	336.11
876	201636	206470	204109	336.59
877	201946	206815	204446	337.05
878	202261	207153	204783	337.51
879	202579	207484	205120	337.96
880	202889	207816	205458	338.41
881	203202	208159	205797	338.84
882	203522	208495	206136	339.27
883	203844	208857	206475	339.69
884	204168	209213	206814	340.1
885	204495	209542	207155	340.51
886	204824	209850	207495	340.9
887	205155	210190	207836	341.29
888	205489	210533	208177	341.67
889	205839	210856	208519	342.05
890	206195	211175	208861	342.42
891	206505	211501	209203	342.77
892	206847	211806	209546	343.13
893	207193	212111	209889	343.47
894	207542	212422	210233	343.81
895	207893	212759	210577	344.13
896	208253	213095	210921	344.45
897	208607	213451	211265	344.77
898	208952	213773	211610	345.07
899	209302	214099	211955	345.37
900	209650	214423	212300	345.66
901	210018	214758	212646	345.94
902	210388	215085	212992	346.22
903	210757	215411	213338	346.48
904	211111	215738	213685	346.74
905	211479	216069	214031	347
906	211877	216413	214378	347.24
907	212266	216734	214726	347.48
908	212653	217079	215073	347.71
909	213043	217436	215421	347.93
910	213436	217777	215769	348.14
911	213780	218116	216117	348.35
912	214123	218437	216465	348.56
913	214518	218807	216814	348.79
914	214917	219122	217163	349.02
915	215256	219449	217512	349.26
916	215589	219804	217861	349.5
917	215976	220169	218210	349.76
918	216370	220485	218560	350.02
919	216761	220801	218910	350.3
920	217159	221172	219260	350.58
921	217558	221542	219611	350.87
922	217956	221906	219962	351.16
923	218332	222251	220313	351.47
924	218697	222603	220665	351.78
925	219084	222953	221016	352.1
926	219439	223291	221368	352.44
927	219820	223636	221721	352.77
928	220225	223994	222074	353.12
929	220606	224355	222427	353.48
930	220998	224694	222780	353.84
931	221392	225014	223134	354.21
932	221752	225396	223488	354.59
933	222093	225754	223843	354.98
934	222420	226087	224198	355.38
935	222781	226422	224553	355.7
936	223082	226775	224909	355.9
937	223417	227103	225265	355.95
938	223773	227466	225621	355.86
939	224123	227821	225977	355.63
940	224483	228195	226332	355.27
941	224828	228557	226688	354.76
942	225160	228897	227042	354.11
943	225523	229275	227396	353.33
944	225861	229648	227750	352.4
945	226237	230001	228102	351.34
946	226566	230351	228454	350.14
947	226893	230733	228804	348.8
948	227246	231084	229152	347.4
949	227581	231455	229500	346.04
950	227929	231795	229846	344.72
951	228278	232100	230191	343.43
952	228628	232430	230534	342.17
953	228971	232764	230876	340.95
954	229305	233109	231217	339.76
955	229669	233457	231557	338.61
956	229994	233780	231896	337.49
957	230334	234144	232233	336.41
958	230663	234472	232569	335.37
959	231013	234807	232905	334.35
960	231369	235150	233239	333.38
961	231726	235468	233573	332.43
962	232065	235796	233905	331.53
963	232400	236121	234236	330.66
964	232738	236448	234567	329.82
965	233075	236765	234897	329.02
966	233426	237079	235226	328.25
967	233770	237394	235554	327.52
968	234087	237725	235882	326.82
969	234424	238083	236209	326.15
970	234727	238437	236535	325.53
971	235067	238759	236860	324.93
972	235411	239106	237185	324.38
973	235730	239442	237510	323.85
974	236077	239777	237833	323.36
975	236402	240111	238157	322.91
976	236760	240452	238480	322.49
977	237113	240788	238802	322.11
978	237435	241119	239124	321.76
979	237711	241455	239446	321.45
980	238013	241801	239767	321.17
981	238350	242112	240089	320.92
982	238641	242453	240410	320.71
983	238890	242790	240730	320.54
984	239190	243110	241051	320.4
985	239481	243436	241371	320.3
986	239715	243770	241692	320.23
987	240026	244095	242012	320.16
988	240339	244407	242332	319.94
989	240606	244735	242652	319.53
990	240905	245062	242971	318.95
991	241176	245385	243290	318.18
992	241404	245707	243609	317.22
993	241670	246024	243926	316.08
994	241938	246343	244242	314.76
995	242183	246666	244557	313.25
996	242426	246989	244870	311.56
997	242697	247295	245181	309.68
998	242939	247590	245491	307.62
999	243169	247891	245799	305.37
1000	243416	248190	246104	302.95
1001	243681	248500	246407	300.33
1002	243934	248793	246707	297.53
1003	244181	249105	247005	294.55
1004	244443	249410	247299	291.39
1005	244681	249709	247591	288.04
1006	244909	250002	247879	284.5
1007	245135	250286	248163	280.78
1008	245359	250558	248444	276.88
1009	245580	250824	248721	272.84
1010	245797	251083	248994	268.81
1011	245999	251342	249263	264.84
1012	246216	251619	249527	260.94
1013	246430	251899	249788	257.1
1014	246629	252178	250046	253.32
1015	246857	252409	250299	249.6
1016	247070	252651	250548	245.94
1017	247275	252914	250794	242.34
1018	247478	253173	251037	238.81
1019	247679	253442	251276	235.33
1020	247877	253708	251511	231.92
1021	248073	253915	251743	228.57
1022	248269	254159	251971	225.28
1023	248463	254387	252197	222.05
1024	248655	254604	252419	218.88
1025	248845	254848	252638	215.77
1026	249040	255110	252853	212.73
1027	249228	255365	253066	209.74
1028	249418	255601	253276	206.82
1029	249612	255852	253483	203.96
1030	249804	256080	253687	201.16
1031	250004	256312	253888	198.42
1032	250211	256542	254086	195.74
1033	250386	256769	254282	193.12
1034	250564	256998	254475	190.57
1035	250750	257219	254666	188.07
1036	250935	257430	254854	185.64
1037	251120	257644	255039	183.27
1038	251303	257857	255223	180.96
1039	251486	258065	255404	178.71
1040	251667	258271	255582	176.52
1041	251848	258481	255759	174.39
1042	252029	258674	255933	172.33
1043	252201	258871	256105	170.32
1044	252355	259066	256276	168.38
1045	252507	259257	256444	166.5
1046	252659	259459	256611	164.67
1047	252810	259657	256775	162.92
1048	252961	259834	256938	161.22
1049	253122	260009	257099	159.58
1050	253260	260201	257259	158
1051	253425	260404	257417	156.49
1052	253591	260597	257574	155.04
1053	253756	260791	257729	153.64
1054	253921	260970	257882	152.31
1055	254086	261134	258035	151.04
1056	254253	261297	258186	149.84
1057	254420	261467	258335	148.69
1058	254582	261635	258484	147.6
1059	254730	261801	258632	146.58
1060	254883	261965	258778	145.61
1061	255036	262128	258924	144.71
1062	255190	262290	259069	143.87
1063	255346	262493	259213	143.09
1064	255523	262655	259356	142.37
1065	255665	262805	259498	141.72
1066	255811	262977	259640	141.12
1067	255963	263149	259781	140.59
1068	256105	263306	259921	140.11
1069	256255	263462	260062	139.7
1070	256409	263625	260201	139.35
1071	256575	263787	260341	139.06
1072	256742	263949	260480	138.83
1073	256910	264111	260618	138.66
1074	257069	264272	260757	138.56
1075	257229	264432	260896	138.51
1076	257377	264581	261034	138.53
1077	257524	264752	261173	138.61
1078	257672	264910	261311	138.75
1079	257822	265049	261450	138.95
1080	257973	265186	261589	139.21
1081	258139	265322	261728	139.53
1082	258321	265458	261868	139.91
1083	258504	265592	262008	140.36
1084	258689	265744	262148	140.87
1085	258875	265887	262289	141.43
1086	259040	266016	262430	142.06
1087	259205	266168	262572	142.75
1088	259373	266341	262715	143.51
1089	259558	266470	262859	144.32
1090	259733	266602	263003	145.19
1091	259900	266778	263148	146.13
1092	260068	266913	263294	147.12
1093	260237	267049	263441	148.18
1094	260417	267184	263590	149.3
1095	260599	267320	263739	150.48
1096	260784	267454	263889	151.72
1097	260972	267589	264041	153.02
1098	261162	267723	264194	154.39
1099	261356	267858	264349	155.81
1100	261553	267997	264504	157.3
1101	261743	268142	264662	158.85
1102	261933	268287	264820	160.46
1103	262146	268433	264981	162.13
1104	262347	268580	265143	163.86
1105	262551	268727	265307	165.65
1106	262758	268889	265473	167.51
1107	262953	269024	265640	169.42
1108	263134	269173	265809	171.4
1109	263346	269323	265981	173.43
1110	263573	269475	266154	175.53
1111	263785	269651	266330	177.69
1112	264005	269836	266508	179.91
1113	264215	270022	266687	182.2
1114	264430	270202	266870	184.54
1115	264645	270345	267054	186.95
1116	264854	270489	267241	189.41
1117	265049	270654	267431	191.94
1118	265286	270824	267622	194.53
1119	265529	271018	267817	197.18
1120	265759	271212	268014	199.89
1121	265964	271385	268214	202.66
1122	266179	271579	268417	205.5
1123	266380	271760	268622	208.39
1124	266597	271917	268831	211.35
1125	266822	272115	269042	214.37
1126	267054	272324	269256	217.45
1127	267282	272537	269474	220.59
1128	267503	272752	269694	223.79
1129	267722	272971	269918	227.05
1130	267954	273156	270145	230.37
1131	268193	273383	270376	233.76
1132	268423	273603	270609	237.2
1133	268672	273816	270847	240.71
1134	268892	274030	271087	244.19
1135	269152	274245	271331	247.55
1136	269398	274463	271579	250.81
1137	269628	274682	271830	253.95
1138	269860	274886	272084	256.98
1139	270110	275085	272341	259.9
1140	270377	275286	272601	262.7
1141	270644	275505	272863	265.39
1142	270922	275748	273129	267.96
1143	271184	275977	273397	270.43
1144	271469	276190	273667	272.78
1145	271761	276440	273940	275.01
1146	272020	276720	274215	277.14
1147	272287	276955	274492	279.15
1148	272539	277189	274771	281.04
1149	272826	277425	275052	282.83
1150	273121	277661	275335	284.5
1151	273419	277929	275620	286.07
1152	273721	278186	275906	287.6
1153	273999	278439	276193	289.09
1154	274278	278682	276482	290.56
1155	274555	278953	276773	292
1156	274826	279213	277065	293.41
1157	275131	279459	277358	294.79
1158	275452	279734	277653	296.14
1159	275718	280019	277949	297.46
1160	275983	280300	278247	298.75
1161	276250	280580	278545	300.02
1162	276535	280885	278845	301.25
1163	276830	281190	279147	302.45
1164	277096	281493	279449	303.63
1165	277388	281789	279753	304.77
1166	277690	282079	280058	305.88
1167	278002	282378	280363	306.97
1168	278316	282720	280670	308.02
1169	278630	283039	280978	309.05
1170	278922	283362	281287	310.05
1171	279226	283686	281598	311.01
1172	279539	284007	281909	311.95
1173	279852	284333	282220	312.86
1174	280150	284655	282533	313.74
1175	280442	284980	282847	314.58
1176	280720	285302	283162	315.4
1177	281010	285636	283477	316.19
1178	281309	285972	283793	316.95
1179	281583	286296	284110	317.68
1180	281907	286620	284428	318.38
1181	282205	286952	284746	319.06
1182	282525	287277	285065	319.7
1183	282847	287580	285385	320.31
1184	283142	287893	285705	320.89
1185	283435	288220	286026	321.45
1186	283735	288539	286348	321.97
1187	284061	288859	286670	322.47
1188	284388	289180	286992	322.93
1189	284690	289504	287315	323.37
1190	284990	289833	287638	323.77
1191	285297	290160	287962	324.15
1192	285622	290486	288286	324.49
1193	285942	290811	288611	324.81
1194	286244	291128	288936	325.1
1195	286559	291456	289261	325.36
1196	286900	291780	289586	325.59
1197	287228	292095	289912	325.79
1198	287560	292413	290237	325.96
1199	287894	292728	290563	326.1
1200	288233	293056	290890	326.21
1201	288579	293384	291216	326.29
1202	288918	293731	291542	326.34
1203	289225	294067	291868	326.36
1204	289543	294401	292195	326.35
1205	289860	294733	292521	326.32
1206	290182	295061	292847	326.25
1207	290500	295389	293174	326.15
1208	290811	295719	293500	326.04
1209	291124	296069	293826	325.93
1210	291441	296412	294152	325.83
1211	291759	296772	294478	325.75
1212	292078	297126	294803	325.69
1213	292392	297477	295129	325.64
1214	292723	297815	295455	325.61
1215	293048	298160	295780	325.6
1216	293375	298474	296106	325.6
1217	293703	298800	296431	325.61
1218	294032	299122	296757	325.65
1219	294357	299494	297083	325.69
1220	294672	299848	297408	325.76
1221	295036	300169	297734	325.84
1222	295374	300531	298060	325.93
1223	295696	300893	298386	326.04
1224	296017	301232	298712	326.17
1225	296362	301612	299038	326.31
1226	296708	301984	299364	326.47
1227	297057	302347	299691	326.64
1228	297409	302711	300018	326.83
1229	297762	303064	300344	327.04
1230	298095	303404	300671	327.26
1231	298423	303741	300999	327.5
1232	298754	304082	301326	327.75
1233	299099	304458	301654	328.02
1234	299422	304800	301982	328.3
1235	299759	305163	302310	328.6
1236	300099	305479	302639	328.92
1237	300458	305807	302968	329.25
1238	300805	306138	303297	329.6
1239	301160	306498	303627	329.96
1240	301515	306838	303957	330.34
1241	301846	307171	304287	330.74
1242	302173	307548	304618	331.15
1243	302526	307921	304949	331.57
1244	302888	308244	305280	332.01
1245	303239	308567	305612	332.47
1246	303597	308889	305945	332.94
1247	303958	309222	306278	333.43
1248	304290	309579	306611	333.94
1249	304655	309908	306945	334.46
1250	304976	310272	307280	335
1251	305348	310661	307615	335.55
1252	305710	310997	307950	336.12
1253	306051	311338	308286	336.7
1254	306386	311663	308623	337.3
1255	306716	311979	308960	337.92
1256	307052	312273	309298	338.55
1257	307395	312610	309637	339.19
1258	307731	312945	309976	339.86
1259	308090	313279	310316	340.54
1260	308433	313610	310656	341.23
1261	308767	313947	310998	341.94
1262	309090	314267	311340	342.67
1263	309425	314592	311682	343.41
1264	309734	314913	312026	344.16
1265	310079	315231	312370	344.92
1266	310413	315557	312715	345.59
1267	310764	315859	313060	346.16
1268	311121	316195	313406	346.64
1269	311449	316510	313753	347.01
1270	311770	316895	314100	347.28
1271	312091	317218	314447	347.45
1272	312421	317533	314795	347.52
1273	312769	317831	315142	347.5
1274	313100	318100	315490	347.37
1275	313402	318448	315837	347.14
1276	313732	318752	316184	346.81
1277	314092	319040	316531	346.38
1278	314398	319362	316878	345.85
1279	314705	319723	317223	345.22
1280	315011	320021	317569	344.49
1281	315318	320305	317913	343.66
1282	315646	320632	318257	342.73
1283	315978	320987	318600	341.7
1284	316300	321265	318941	340.57
1285	316596	321555	319282	339.34
1286	316917	321877	319621	338.01
1287	317207	322178	319959	336.58
1288	317504	322471	320296	335.04
1289	317810	322822	320631	333.41
1290	318128	323163	320964	331.68
1291	318399	323486	321296	329.85
1292	318715	323797	321626	327.92
1293	319044	324137	321954	325.88
1294	319378	324500	322280	323.77
1295	319715	324858	322603	321.66
1296	320025	325197	322925	319.57
1297	320334	325530	323245	317.51
1298	320639	325866	323562	315.47
1299	320913	326205	323877	313.45
1300	321215	326523	324191	311.46
1301	321528	326848	324502	309.49
1302	321805	327182	324812	307.54
1303	322080	327518	325119	305.62
1304	322355	327852	325425	303.72
1305	322634	328182	325729	301.84
1306	322912	328539	326031	299.98
1307	323176	328875	326331	298.15
1308	323468	329223	326629	296.34
1309	323763	329562	326925	294.56
1310	324057	329844	327220	292.8
1311	324351	330158	327512	291.06
1312	324626	330452	327804	289.34
1313	324898	330751	328093	287.65
1314	325171	331051	328381	285.98
1315	325444	331374	328666	284.34
1316	325718	331680	328951	282.71
1317	325993	331979	329234	281.11
1318	326269	332269	329515	279.54
1319	326545	332563	329794	277.98
1320	326822	332846	330072	276.45
1321	327100	333127	330349	274.95
1322	327395	333405	330624	273.46
1323	327698	333674	330897	272
1324	327984	333948	331169	270.56
1325	328238	334224	331440	269.15
1326	328525	334501	331709	267.76
1327	328840	334776	331976	266.39
1328	329117	335049	332243	265.04
1329	329411	335320	332508	263.72
1330	329699	335581	332772	262.42
1331	329964	335851	333034	261.15
1332	330229	336118	333295	259.9
1333	330498	336394	333555	258.67
1334	330765	336647	333814	257.46
1335	331049	336902	334071	256.28
1336	331335	337158	334328	255.12
1337	331621	337410	334583	253.98
1338	331898	337665	334837	252.87
1339	332160	337924	335090	251.78
1340	332417	338184	335341	250.71
1341	332657	338444	335592	249.67
1342	332921	338701	335842	248.65
1343	333189	338956	336090	247.65
1344	333460	339209	336338	246.68
1345	333714	339459	336585	245.73
1346	333961	339696	336830	244.8
1347	334211	339919	337075	243.9
1348	334498	340135	337319	243.01
1349	334786	340364	337562	242.16
1350	335059	340600	337804	241.32
1351	335314	340846	338046	240.51
1352	335582	341090	338286	239.72
1353	335870	341319	338526	238.96
1354	336136	341537	338765	238.21
1355	336374	341792	339003	237.49
1356	336613	342045	339240	236.8
1357	336851	342279	339477	236.13
1358	337090	342510	339713	235.48
1359	337350	342758	339949	234.85
1360	337660	342993	340184	234.25
1361	337971	343225	340418	233.67
1362	338211	343427	340652	233.11
1363	338444	343669	340885	232.58
1364	338676	343881	341117	232.06
1365	338926	344089	341349	231.58
1366	339202	344304	341581	231.11
1367	339461	344531	341812	230.67
1368	339719	344748	342043	230.25
1369	339981	344973	342273	229.86
1370	340215	345187	342503	229.49
1371	340458	345385	342732	229.14
1372	340729	345597	342961	228.81
1373	340968	345806	343190	228.51
1374	341202	346016	343419	228.23
1375	341420	346225	343647	227.98
1376	341671	346434	343875	227.75
1377	341897	346649	344103	227.54
1378	342106	346862	344330	227.35
1379	342311	347082	344558	227.19
1380	342519	347303	344785	227.05
1381	342709	347523	345012	226.93
1382	342881	347743	345239	226.84
1383	343134	347963	345466	226.77
1384	343343	348182	345692	226.72
1385	343536	348400	345919	226.7
1386	343777	348619	346146	226.7
1387	343987	348838	346373	226.72
1388	344214	349055	346599	226.76
1389	344446	349273	346826	226.83
1390	344681	349514	347053	226.92
1391	344910	349729	347280	227.04
1392	345137	349942	347507	227.18
1393	345337	350167	347734	227.34
1394	345540	350397	347961	227.52
1395	345754	350649	348189	227.73
1396	345985	350856	348417	227.96
1397	346217	351108	348645	228.22
1398	346433	351328	348873	228.49
1399	346625	351547	349101	228.79
1400	346822	351767	349330	229.12
1401	347019	351994	349559	229.47
1402	347208	352215	349789	229.84
1403	347409	352441	350018	230.23
1404	347595	352658	350249	230.64
1405	347788	352869	350479	231.08
1406	347986	353102	350710	231.55
1407	348196	353330	350942	232.03
1408	348410	353566	351174	232.54
1409	348635	353798	351407	233.07
1410	348876	354036	351640	233.63
1411	349082	354267	351873	234.21
1412	349272	354499	352107	234.81
1413	349484	354732	352342	235.44
1414	349668	354966	352578	236.08
1415	349853	355201	352814	236.75
1416	350062	355437	353051	237.45
1417	350285	355665	353288	238.17
1418	350510	355917	353526	238.91
1419	350739	356160	353765	239.67
1420	350943	356403	354005	240.46
1421	351158	356651	354245	241.27
1422	351349	356895	354486	242.1
1423	351592	357156	354729	242.96
1424	351836	357410	354972	243.84
1425	352081	357664	355215	244.74
1426	352308	357919	355460	245.67
1427	352521	358172	355706	246.62
1428	352734	358437	355952	247.59
1429	352949	358698	356200	248.59
1430	353188	358959	356449	249.61
1431	353431	359226	356698	250.65
1432	353659	359482	356949	251.71
1433	353889	359738	357201	252.8
1434	354122	360012	357453	253.91
1435	354357	360280	357707	255.03
1436	354616	360558	357962	256.16
1437	354878	360836	358218	257.3
1438	355117	361116	358476	258.45
1439	355357	361396	358734	259.61
1440	355600	361684	358994	260.78
1441	355845	361970	359255	261.96
1442	356092	362246	359517	263.15
1443	356342	362520	359780	264.34
1444	356595	362825	360044	265.55
1445	356850	363115	360310	266.77
1446	357119	363392	360576	267.99
1447	357396	363669	360844	269.23
1448	357676	363970	361114	270.47
1449	357942	364276	361384	271.73
1450	358201	364569	361656	272.99
1451	358462	364900	361929	274.26
1452	358734	365197	362203	275.55
1453	359005	365532	362479	276.84
1454	359261	365876	362755	278.14
1455	359541	366207	363034	279.45
1456	359793	366525	363313	280.77
1457	360071	366835	363594	282.1
1458	360333	367128	363876	283.44
1459	360594	367429	364159	284.79
1460	360866	367777	364444	286.15
1461	361140	368109	364730	287.52
1462	361419	368409	365018	288.9
1463	361715	368717	365307	290.28
1464	361976	369027	365597	291.68
1465	362257	369386	365889	293.09
1466	362540	369736	366182	294.5
1467	362826	370096	366476	295.93
1468	363110	370450	366772	297.36
1469	363405	370806	367070	298.81
1470	363727	371145	367368	300.26
1471	364022	371484	367669	301.72
1472	364314	371824	367970	303.2
1473	364623	372173	368274	304.68
1474	364935	372540	368578	306.17
1475	365248	372907	368884	307.67
1476	365564	373251	369192	309.18
1477	365881	373603	369501	310.7
1478	366200	373975	369812	312.23
1479	366521	374334	370124	313.77
1480	366845	374695	370438	315.32
1481	367170	375057	370753	316.88
1482	367479	375429	371070	318.45
1483	367790	375782	371389	320.02
1484	368109	376148	371709	321.61
1485	368448	376514	372030	323.21
1486	368790	376881	372353	324.81
1487	369146	377250	372678	326.43
1488	369470	377603	373005	328.05
1489	369795	377954	373333	329.69
1490	370122	378321	373662	331.33
1491	370451	378693	373994	332.99
1492	370782	379064	374327	334.65
1493	371115	379443	374661	336.32
1494	371450	379820	374998	338
1495	371788	380183	375336	339.69
1496	372128	380576	375675	341.4
1497	372479	380959	376017	343.11
1498	372831	381341	376360	344.83
1499	373184	381723	376705	346.55
1500	373541	382107	377051	348.29
1501	373900	382491	377400	350.04
1502	374261	382877	377750	351.8
1503	374625	383264	378101	353.57
1504	374991	383651	378455	355.34
1505	375343	384039	378810	357.13
1506	375690	384427	379167	358.93
1507	376041	384816	379526	360.73
1508	376392	385205	379887	362.55
1509	376771	385582	380250	364.37
1510	377152	385975	380614	366.21
1511	377505	386369	380980	368.05
1512	377872	386733	381348	369.9
1513	378251	387083	381718	371.76
1514	378633	387435	382090	373.64
1515	379033	387842	382464	375.52
1516	379404	388275	382839	377.41
1517	379776	388708	383217	379.31
1518	380143	389142	383596	381.22
1519	380518	389546	383977	383.14
1520	380895	389946	384360	385.07
1521	381279	390347	384745	387.01
1522	381681	390766	385132	388.95
1523	382086	391170	385521	390.91
1524	382493	391574	385912	392.88
1525	382888	391979	386305	394.86
1526	383296	392384	386700	396.84
1527	383713	392793	387097	398.84
1528	384133	393226	387496	400.84
1529	384557	393657	387896	402.86
1530	384984	394052	388299	404.88
1531	385403	394449	388704	406.91
1532	385827	394878	389111	408.96
1533	386256	395323	389520	411.01
1534	386674	395768	389931	413.07
1535	387102	396213	390344	415.14
1536	387529	396658	390759	417.23
1537	387957	397104	391176	419.32
1538	388387	397546	391596	421.42
1539	388821	397972	392017	423.53
1540	389257	398396	392441	425.64
1541	389696	398803	392866	427.77
1542	390140	399242	393294	429.91
1543	390602	399672	393724	432.06
1544	391073	400097	394156	434.22
1545	391529	400534	394590	436.38
1546	391980	400975	395027	438.56
1547	392435	401392	395465	440.74
1548	392892	401797	395906	442.94
1549	393350	402221	396349	445.14
1550	393812	402645	396794	447.36
1551	394277	403069	397241	449.58
1552	394731	403493	397691	451.82
1553	395214	403917	398143	454.06
1554	395687	404340	398597	456.31
1555	396173	404763	399053	458.57
1556	396654	405186	399512	460.84
1557	397144	405609	399973	463.12
1558	397647	406031	400436	465.41
1559	398137	406453	400901	467.71
1560	398645	406874	401369	470.02
1561	399152	407295	401839	472.34
1562	399660	407715	402311	474.67
1563	400172	408134	402786	477.01
1564	400676	408554	403263	479.35
1565	401194	408972	403742	481.71
1566	401706	409390	404224	484.08
1567	402206	409835	404708	486.45
1568	402726	410249	405194	488.84
1569	403233	410663	405683	491.23
1570	403749	411093	406175	493.64
1571	404291	411521	406668	496.05
1572	404842	411934	407164	498.47
1573	405369	412349	407663	500.91
1574	405896	412782	408164	503.35
1575	406425	413217	408667	505.8
1576	406960	413653	409173	508.26
1577	407484	414096	409681	510.73
1578	408014	414536	410192	513.21
1579	408556	414978	410705	515.7
1580	409073	415382	411221	518.2
1581	409617	415797	411739	520.71
1582	410159	416221	412260	523.22
1583	410668	416644	412783	525.54
1584	411201	417066	413308	527.46
1585	411751	417484	413836	528.99
1586	412304	417901	414365	530.12
1587	412811	418317	414895	530.85
1588	413345	418732	415426	531.18
1589	413894	419147	415957	531.12
1590	414432	419562	416488	530.66
1591	414971	419978	417019	529.8
1592	415487	420391	417549	528.54
1593	416012	420802	418077	526.88
1594	416588	421258	418604	524.82
1595	417078	421704	419129	522.37
1596	417580	422131	419651	519.52
1597	418099	422560	420171	516.27
1598	418601	422998	420687	512.62
1599	419087	423385	421200	508.58
1600	419605	423828	421708	504.13
1601	420124	424281	422212	499.29
1602	420608	424698	422712	494.17
1603	421108	425070	423206	488.89
1604	421605	425490	423695	483.43
1605	422097	425933	424178	477.82
1606	422591	426371	424656	472.04
1607	423095	426825	425128	466.09
1608	423555	427254	425594	459.98
1609	424011	427712	426054	453.7
1610	424477	428140	426508	447.26
1611	424920	428589	426955	440.66
1612	425341	428995	427396	433.89
1613	425791	429427	427830	426.96
1614	426200	429852	428256	419.86
1615	426612	430272	428676	412.6
1616	427028	430686	429089	405.31
1617	427444	431077	429494	398.1
1618	427857	431457	429892	390.98
1619	428279	431846	430283	383.95
1620	428688	432228	430667	377.02
1621	429051	432636	431044	370.17
1622	429407	433025	431414	363.41
1623	429825	433401	431778	356.75
1624	430241	433739	432135	350.17
1625	430592	434112	432485	343.69
1626	430952	434475	432828	337.29
1627	431297	434844	433166	330.99
1628	431625	435193	433497	324.78
1629	431968	435499	433822	318.66
1630	432301	435818	434140	312.62
1631	432604	436146	434453	306.68
1632	432892	436467	434759	300.83
1633	433184	436780	435060	295.07
1634	433504	437077	435355	289.4
1635	433808	437353	435645	283.82
1636	434093	437642	435929	278.33
1637	434341	437927	436207	272.94
1638	434581	438218	436480	267.63
1639	434823	438488	436748	262.41
1640	435056	438761	437010	257.28
1641	435317	439042	437267	252.25
1642	435578	439304	437519	247.3
1643	435805	439586	437767	242.45
1644	436068	439854	438009	237.68
1645	436298	440155	438247	233.01
1646	436525	440432	438480	228.43
1647	436754	440652	438708	223.93
1648	436972	440882	438932	219.53
1649	437227	441124	439152	215.22
1650	437435	441390	439367	211.02
1651	437636	441669	439578	207.02
1652	437861	441901	439785	203.25
1653	438042	442141	439988	199.7
1654	438216	442355	440188	196.37
1655	438405	442578	440384	193.27
1656	438593	442820	440578	190.39
1657	438781	443024	440768	187.73
1658	438967	443251	440956	185.3
1659	439157	443449	441141	183.09
1660	439335	443661	441324	181.11
1661	439500	443878	441505	179.35
1662	439671	444093	441685	177.81
1663	439855	444300	441862	176.5
1664	440023	444496	442039	175.41
1665	440194	444729	442214	174.54
1666	440367	444939	442389	173.9
1667	440532	445157	442563	173.48
1668	440703	445370	442736	173.28
1669	440875	445600	442910	173.31
1670	441038	445832	443083	173.53
1671	441224	446060	443256	173.79
1672	441420	446265	443430	174.06
1673	441578	446466	443604	174.35
1674	441757	446664	443779	174.64
1675	441937	446861	443953	174.95
1676	442119	447056	444128	175.26
1677	442301	447239	444303	175.59
1678	442468	447440	444479	175.93
1679	442634	447636	444655	176.28
1680	442809	447826	444831	176.64
1681	442982	448030	445008	177.01
1682	443155	448219	445185	177.39
1683	443330	448408	445362	177.78
1684	443491	448595	445540	178.18
1685	443651	448786	445718	178.6
1686	443786	448978	445897	179.02
1687	443949	449169	446076	179.46
1688	444100	449358	446255	179.9
1689	444265	449549	446435	180.36
1690	444434	449738	446616	180.83
1691	444590	449888	446796	181.31
1692	444751	450060	446978	181.8
1693	444930	450242	447159	182.3
1694	445080	450421	447342	182.81
1695	445229	450620	447525	183.33
1696	445391	450798	447708	183.86
1697	445558	450982	447892	184.41
1698	445711	451141	448076	184.96
1699	445875	451320	448261	185.53
1700	446053	451511	448447	186.1
1701	446215	451713	448633	186.69
1702	446375	451880	448819	187.29
1703	446543	452100	449007	187.89
1704	446714	452319	449195	188.51
1705	446885	452538	449383	189.14
1706	447057	452756	449572	189.78
1707	447230	452915	449762	190.43
1708	447398	453065	449953	191.1
1709	447562	453254	450144	191.77
1710	447730	453455	450335	192.45
1711	447901	453620	450528	193.15
1712	448092	453827	450721	193.85
1713	448264	454033	450915	194.57
1714	448438	454239	451109	195.3
1715	448620	454443	451305	196.03
1716	448813	454626	451501	196.78
1717	448995	454838	451698	197.54
1718	449171	455049	451895	198.31
1719	449348	455209	452093	199.09
1720	449526	455406	452292	199.89
1721	449713	455586	452492	200.69
1722	449915	455790	452693	201.5
1723	450119	455998	452895	202.33
1724	450325	456243	453097	203.16
1725	450534	456436	453300	204.01
1726	450733	456628	453504	204.86
1727	450928	456821	453709	205.73
1728	451136	457013	453915	206.61
1729	451348	457205	454121	207.5
1730	451547	457398	454329	208.4
1731	451734	457595	454537	209.31
1732	451931	457792	454746	210.23
1733	452138	457989	454957	211.16
1734	452346	458185	455168	212.1
1735	452562	458381	455380	213.06
1736	452765	458574	455593	214.02
1737	452969	458770	455807	215
1738	453174	458964	456022	215.98
1739	453381	459160	456238	216.98
1740	453590	459360	456455	217.99
1741	453802	459559	456673	219.01
1742	454023	459754	456892	220.04
1743	454246	459961	457112	221.08
1744	454472	460170	457333	222.13
1745	454712	460390	457555	223.19
1746	454946	460602	457778	224.26
1747	455182	460840	458003	225.35
1748	455429	461077	458228	226.44
1749	455679	461292	458454	227.55
1750	455930	461528	458682	228.66
1751	456162	461774	458911	229.79
1752	456411	461959	459140	230.93
1753	456664	462204	459371	232.07
1754	456878	462417	459603	233.23
1755	457106	462651	459837	234.4
1756	457346	462885	460071	235.58
1757	457587	463116	460307	236.76
1758	457819	463360	460543	237.93
1759	458053	463605	460781	239.1
1760	458292	463858	461020	240.26
1761	458526	464085	461261	241.42
1762	458778	464335	461502	242.57
1763	459017	464567	461745	243.72
1764	459248	464827	461988	244.87
1765	459491	465084	462233	246.01
1766	459745	465343	462479	247.14
1767	459985	465608	462726	248.27
1768	460235	465863	462975	249.4
1769	460486	466133	463224	250.52
1770	460743	466395	463475	251.64
1771	460995	466651	463726	252.76
1772	461261	466920	463979	253.86
1773	461512	467184	464233	254.97
1774	461773	467444	464488	256.07
1775	462027	467691	464744	257.16
1776	462279	467954	465001	258.26
1777	462536	468216	465259	259.34
1778	462799	468479	465519	260.43
1779	463063	468743	465779	261.5
1780	463320	469007	466041	262.58
1781	463594	469271	466303	263.65
1782	463868	469536	466567	264.71
1783	464140	469801	466832	265.77
1784	464408	470067	467097	266.83
1785	464682	470333	467364	267.88
1786	464978	470604	467632	268.92
1787	465254	470867	467901	269.97
1788	465536	471127	468171	271
1789	465822	471402	468442	272.04
1790	466124	471672	468714	273.07
1791	466411	471934	468987	274.09
1792	466713	472192	469261	275.11
1793	467017	472459	469536	276.12
1794	467311	472727	469812	277.14
1795	467607	472999	470089	278.14
1796	467912	473298	470368	279.14
1797	468196	473571	470647	280.14
1798	468496	473824	470927	281.13
1799	468805	474077	471208	282.12
1800	469118	474339	471490	283.11
1801	469437	474595	471773	284.09
1802	469742	474850	472057	285.06
1803	470060	475127	472342	286.03
1804	470380	475418	472628	287
1805	470706	475660	472915	287.96
1806	471005	475935	473203	288.92
1807	471299	476230	473492	289.87
1808	471591	476529	473782	290.82
1809	471888	476817	474073	291.76
1810	472201	477107	474365	292.7
1811	472509	477390	474657	293.64
1812	472794	477655	474951	294.57
1813	473101	477918	475246	295.49
1814	473417	478218	475541	296.37
1815	473706	478487	475838	297.16
1816	474031	478737	476135	297.85
1817	474316	479012	476433	298.46
1818	474602	479268	476731	298.98
1819	474889	479534	477030	299.41
1820	475150	479846	477329	299.74
1821	475418	480103	477629	299.99
1822	475728	480437	477929	300.15
1823	476045	480743	478229	300.21
1824	476332	481067	478529	300.19
1825	476606	481386	478830	300.07
1826	476905	481704	479130	299.87
1827	477191	481971	479430	299.57
1828	477476	482230	479729	299.19
1829	477735	482525	480028	298.71
1830	478035	482836	480327	298.14
1831	478283	483145	480625	297.49
1832	478557	483453	480923	296.74
1833	478833	483758	481219	295.9
1834	479100	484061	481515	294.98
1835	479353	484363	481810	293.96
1836	479641	484658	482104	292.85
1837	479929	484913	482397	291.65
1838	480172	485164	482689	290.36
1839	480410	485430	482979	288.98
1840	480671	485724	483268	287.52
1841	480927	486005	483556	285.96
1842	481144	486293	483842	284.31
1843	481359	486577	484126	282.57
1844	481605	486833	484409	280.73
1845	481861	487077	484689	278.81
1846	482102	487354	484968	276.8
1847	482341	487627	485245	274.7
1848	482572	487899	485520	272.51
1849	482802	488149	485792	270.23
1850	483031	488395	486062	267.86
1851	483232	488638	486330	265.39
1852	483429	488887	486596	262.84
1853	483627	489151	486858	260.2
1854	483826	489413	487119	257.46
1855	484078	489667	487376	254.64
1856	484312	489905	487631	251.72
1857	484570	490155	487882	248.72
1858	484772	490424	488131	245.63
1859	485006	490665	488377	242.44
1860	485238	490909	488619	239.16
1861	485466	491144	488858	235.8
1862	485674	491373	489094	232.34
1863	485864	491606	489326	228.82
1864	486050	491835	489555	225.31
1865	486235	492060	489781	221.84
1866	486417	492277	490002	218.42
1867	486597	492497	490221	215.03
1868	486776	492715	490436	211.68
1869	486974	492935	490648	208.37
1870	487189	493152	490856	205.1
1871	487403	493387	491061	201.86
1872	487615	493599	491263	198.67
1873	487818	493837	491462	195.52
1874	487980	494049	491657	192.41
1875	488139	494270	491850	189.33
1876	488297	494471	492039	186.3
1877	488453	494693	492225	183.3
1878	488620	494913	492408	180.35
1879	488796	495109	492589	177.43
1880	488968	495318	492766	174.56
1881	489106	495520	492941	171.72
1882	489280	495718	493113	168.92
1883	489439	495915	493281	166.16
1884	489574	496093	493448	163.44
1885	489688	496267	493611	160.76
1886	489827	496440	493772	158.12
1887	489983	496618	493930	155.52
1888	490138	496793	494085	152.96
1889	490282	496964	494238	150.44
1890	490419	497124	494389	147.95
1891	490573	497300	494537	145.51
1892	490718	497444	494682	143.1
1893	490839	497609	494825	140.74
1894	490988	497768	494966	138.41
1895	491144	497932	495105	136.13
1896	491298	498089	495241	133.88
1897	491451	498242	495375	131.67
1898	491604	498375	495506	129.5
1899	491757	498502	495636	127.38
1900	491904	498638	495763	125.29
1901	492054	498781	495888	123.24
1902	492201	498922	496012	121.23
1903	492334	499061	496133	119.25
1904	492443	499197	496252	117.32
1905	492571	499331	496369	115.43
1906	492718	499455	496485	113.58
1907	492859	499570	496598	111.76
1908	493002	499681	496710	109.99
1909	493144	499791	496820	108.25
1910	493285	499918	496928	106.56
1911	493412	500045	497035	104.9
1912	493531	500169	497140	103.29
1913	493656	500291	497243	101.71
1914	493800	500405	497345	100.17
1915	493951	500515	497445	98.67
1916	494095	500611	497544	97.21
1917	494227	500711	497641	95.79
1918	494323	500822	497737	94.41
1919	494410	500932	497831	93.07
1920	494543	501041	497924	91.77
1921	494649	501156	498016	90.51
1922	494773	501257	498107	89.28
1923	494897	501353	498196	88.1
1924	495023	501451	498284	86.96
1925	495112	501541	498371	85.85
1926	495198	501629	498457	84.79
1927	495301	501715	498541	83.76
1928	495399	501798	498625	82.77
1929	495482	501876	498708	81.83
1930	495560	501952	498790	80.92
1931	495664	502026	498871	80.05
1932	495770	502118	498951	79.22
1933	495876	502202	499030	78.43
1934	495982	502280	499108	77.68
1935	496067	502356	499186	76.97
1936	496145	502431	499263	76.3
1937	496223	502504	499339	75.66
1938	496300	502576	499415	75.07
1939	496391	502648	499490	74.52
1940	496468	502718	499565	74
1941	496536	502788	499639	73.53
1942	496607	502863	499712	73.09
1943	496683	502965	499785	72.7
1944	496742	503060	499858	72.34
1945	496851	503147	499930	72.02
1946	496935	503218	500002	71.75
1947	496991	503295	500074	71.51
1948	497067	503370	500146	71.31
1949	497122	503435	500217	71.15
1950	497208	503500	500288	71.03
1951	497273	503577	500359	70.95
1952	497329	503658	500430	70.9
1953	497378	503738	500501	70.9
1954	497441	503818	500572	70.94
1955	497485	503889	500643	71.02
1956	497533	503953	500714	71.13
1957	497591	504016	500785	71.29
1958	497680	504098	500856	71.48
1959	497762	504180	500928	71.72
1960	497827	504254	500999	71.99
1961	497870	504318	501071	72.3
1962	497919	504383	501144	72.65
1963	497993	504443	501216	73.05
1964	498048	504513	501289	73.48
1965	498104	504580	501363	73.95
1966	498203	504655	501437	74.46
1967	498309	504709	501511	75
1968	498415	504775	501586	75.59
1969	498474	504851	501662	76.22
1970	498525	504929	501738	76.89
1971	498577	505003	501815	77.59
1972	498629	505084	501893	78.34
1973	498683	505165	501971	79.13
1974	498747	505246	502050	79.95
1975	498827	505326	502130	80.8
1976	498890	505413	502211	81.66
1977	498954	505498	502292	82.53
1978	499022	505583	502375	83.42
1979	499107	505669	502458	84.31
1980	499168	505755	502543	85.22
1981	499240	505856	502628	86.14
1982	499301	505933	502714	87.06
1983	499377	506040	502801	88.01
1984	499453	506141	502889	88.96
1985	499531	506222	502978	89.92
1986	499611	506330	503068	90.89
1987	499693	506420	503159	91.88
1988	499776	506516	503251	92.87
1989	499855	506610	503344	93.88
1990	499926	506698	503438	94.9
1991	500028	506797	503532	95.93
1992	500126	506895	503628	96.97
1993	500243	507007	503725	98.03
1994	500346	507106	503823	99.09
1995	500447	507225	503922	100.17
1996	500549	507325	504023	101.25
1997	500634	507423	504124	102.35
1998	500720	507522	504226	103.46
1999	500809	507621	504330	104.58
2000	500910	507721	504434	105.71
2001	501027	507821	504540	106.85
2002	501143	507922	504647	108.01
2003	501243	508024	504755	109.17
2004	501346	508166	504864	110.35
2005	501459	508310	504974	111.54
2006	501574	508455	505086	112.74
2007	501690	508577	505199	113.95
2008	501809	508692	505313	115.17
2009	501930	508825	505428	116.4
2010	502053	508984	505544	117.65
2011	502178	509099	505662	118.9
2012	502305	509239	505781	120.17
2013	502424	509349	505901	121.45
2014	502535	509489	506022	122.74
2015	502648	509633	506145	124.04
2016	502764	509777	506269	125.35
2017	502881	509923	506394	126.67
2018	503000	510071	506521	128.01
2019	503122	510203	506649	129.35
2020	503246	510331	506778	130.71
2021	503372	510461	506909	132.08
2022	503500	510591	507041	133.46
2023	503630	510723	507175	134.85
2024	503766	510855	507310	136.25
2025	503908	511032	507446	137.67
2026	504051	511211	507584	139.09
2027	504197	511391	507723	140.53
2028	504345	511545	507863	141.97
2029	504488	511685	508005	143.43
2030	504638	511823	508149	144.9
2031	504794	512004	508293	146.38
2032	504953	512168	508440	147.87
2033	505114	512320	508588	149.38
2034	505275	512471	508737	150.89
2035	505438	512605	508888	152.42
2036	505603	512737	509040	153.96
2037	505770	512908	509194	155.5
2038	505939	513080	509350	157.06
2039	506087	513243	509507	158.64
2040	506260	513403	509666	160.22
2041	506438	513557	509826	161.81
2042	506608	513728	509988	163.42
2043	506763	513872	510151	165.03
2044	506920	514013	510316	166.66
2045	507079	514192	510483	168.3
2046	507241	514373	510651	169.95
2047	507406	514566	510821	171.61
2048	507573	514761	510993	173.28
2049	507742	514956	511166	174.97
2050	507914	515152	511341	176.66
2051	508098	515348	511517	178.37
2052	508288	515553	511696	180.09
2053	508480	515766	511876	181.81
2054	508676	515980	512058	183.55
2055	508874	516195	512241	185.31
2056	509074	516412	512427	187.07
2057	509276	516597	512614	188.84
2058	509481	516771	512802	190.63
2059	509688	516949	512993	192.42
2060	509899	517156	513186	194.23
2061	510114	517364	513380	196.05
2062	510333	517563	513576	197.88
2063	510552	517769	513774	199.72
2064	510772	517971	513973	201.58
2065	510995	518175	514175	203.44
2066	511220	518363	514378	205.32
2067	511446	518597	514584	207.2
2068	511674	518817	514791	209.1
2069	511909	519029	515000	211.01
2070	512144	519257	515211	212.93
2071	512383	519477	515424	214.86
2072	512617	519680	515639	216.8
2073	512857	519889	515856	218.76
2074	513099	520118	516074	220.72
2075	513343	520347	516295	222.7
2076	513589	520577	516518	224.69
2077	513844	520808	516743	226.69
2078	514109	521040	516969	228.7
2079	514377	521275	517198	230.72
2080	514648	521502	517429	232.75
2081	514900	521735	517661	234.8
2082	515154	521968	517896	236.85
2083	515428	522202	518133	238.92
2084	515700	522436	518372	241
2085	515952	522673	518613	243.09
2086	516222	522908	518856	245.19
2087	516487	523143	519101	247.3
2088	516762	523379	519349	249.42
2089	517033	523616	519598	251.56
2090	517317	523853	519850	253.7
2091	517586	524091	520103	255.86
2092	517856	524329	520359	258.03
2093	518143	524570	520617	260.21
2094	518438	524815	520877	262.4
2095	518730	525060	521140	264.6
2096	519028	525307	521404	266.82
2097	519299	525555	521671	269.04
2098	519590	525804	521940	271.28
2099	519878	526054	522211	273.52
2100	520176	526290	522485	275.78
2101	520462	526547	522761	278.05
2102	520748	526789	523039	280.33
2103	521067	527073	523319	282.62
2104	521371	527331	523602	284.93
2105	521652	527571	523887	287.24
2106	521976	527795	524174	289.57
2107	522277	528021	524464	291.91
2108	522571	528297	524755	294.25
2109	522884	528575	525050	296.61
2110	523201	528855	525346	298.99
2111	523476	529138	525645	301.37
2112	523756	529419	525947	303.76
2113	524070	529709	526250	306.17
2114	524383	529981	526557	308.58
2115	524683	530255	526865	311.01
2116	524957	530529	527176	313.45
2117	525231	530805	527490	315.9
2118	525524	531082	527806	318.36
2119	525838	531359	528124	320.83
2120	526121	531638	528445	323.32
2121	526413	531963	528768	325.81
2122	526724	532258	529094	328.32
2123	526993	532555	529422	330.84
2124	527297	532876	529753	333.36
2125	527616	533204	530086	335.9
2126	527946	533491	530422	338.46
2127	528277	533746	530761	341.02
2128	528585	534002	531102	343.59
2129	528913	534331	531445	346.18
2130	529242	534691	531791	348.77
2131	529575	534994	532140	351.38
2132	529904	535267	532492	354
2133	530238	535599	532846	356.63
2134	530532	535933	533202	359.27
2135	530827	536268	533562	361.93
2136	531148	536579	533923	364.59
2137	531457	536869	534288	367.27
2138	531735	537201	534655	369.95
2139	532014	537531	535025	372.65
2140	532310	537854	535398	375.36
2141	532611	538236	535773	378.08
2142	532916	538641	536151	380.81
2143	533213	539013	536532	383.55
2144	533516	539400	536916	386.31
2145	533822	539778	537302	389.07
2146	534082	540198	537691	391.85
2147	534334	540613	538083	394.64
2148	534592	541005	538478	397.44
2149	534948	541426	538875	400.25
2150	535294	541859	539275	402.72
2151	535514	542242	539678	403.07
2152	535757	542706	540081	403.07
2153	536048	543168	540484	403.07
2154	536339	543638	540887	403.07
2155	536630	544100	541290	403.07
2156	536899	544552	541693	403.07
2157	537161	545039	542096	403.07
2158	537382	545532	542500	403.07
2159	537612	546034	542903	403.07
2160	537821	546535	543306	403.07
2161	538029	547047	543709	403.07
2162	538240	547561	544112	403.07
2163	538542	548086	544515	403.07
2164	538866	548588	544918	403.07
2165	539143	549119	545321	403.07
2166	539419	549636	545724	403.07
2167	539711	550170	546127	403.07
