Age (ka)	LOG(Ca/K+Ti+Fe)
0.47376	1.455169394
1.19376	1.423392217
1.91376	1.505463643
2.63376	1.470408981
3.35376	1.455858076
4.07376	1.4676823
4.79376	1.455014524
5.51376	1.599877537
6.23376	1.439270891
6.95376	1.433781904
7.67376	1.432894873
8.39376	1.391920955
9.11376	1.388885637
9.83376	1.437820381
10.55376	1.37120214
11.27376	1.463726466
11.99376	1.358796959
12.71376	1.368303012
13.43376	1.362654552
14.15376	1.368804726
14.87376	1.375316758
15.59376	1.312335759
16.31376	1.358940211
17.03376	1.361837582
17.75376	1.461928442
18.64457143	1.316191539
19.62416327	1.415636641
20.6037551	1.3357476
21.58334694	1.378567998
22.56293878	1.336513221
23.54253061	1.377671179
24.52212245	1.318226836
25.50171429	1.295795804
26.48130612	1.311325069
27.46089796	1.298389603
28.4404898	1.263007697
29.42008163	1.327278631
30.39967347	1.379076402
31.37926531	1.335124896
32.35885714	1.37305424
33.33844898	1.39079247
34.31804082	1.425763975
35.29763265	1.513031504
36.27722449	1.476728074
37.25681633	1.470095216
38.23640816	1.349367205
39.216	1.521035954
40.19559184	1.455087351
41.17518367	1.464321815
42.15477551	1.412459503
43.13436735	1.415397692
44.11395918	1.460429194
45.09355102	1.448039972
46.07314286	1.424962309
47.05273469	1.485757213
48.03232653	1.468991542
49.01191837	1.439932513
49.9915102	1.516843507
50.97110204	1.532745686
51.95069388	1.348522543
52.93028571	1.364703217
53.90987755	1.45121623
54.88946939	1.434380663
55.86906122	1.524496334
56.84865306	1.389755243
57.8282449	1.361169267
58.80783673	1.344516987
59.78742857	1.303596881
60.76702041	1.358805081
61.74661224	1.356188754
62.72620408	1.231356814
63.70579592	1.403954775
64.68538776	1.276530077
65.66497959	1.218141775
66.64068421	1.218116367
67.61436842	1.259151636
68.58805263	1.232994177
69.56173684	1.303630805
70.53542105	1.290962562
71.50910526	1.309042496
72.48278947	1.388433321
73.45647368	1.345505305
74.43015789	1.404245088
75.40384211	1.451037806
76.37752632	1.419055163
77.35121053	1.379069953
78.32489474	1.492164278
79.29857895	1.405697045
80.27226316	1.454914157
81.24594737	1.456078171
82.21963158	1.408698948
83.19331579	1.481040999
84.167	1.457945066
85.14068421	1.394694781
86.11436842	1.486582909
87.08805263	1.37538561
88.06173684	1.393851243
89.03542105	1.391642772
90.00910526	1.438614497
90.98278947	1.399251284
91.95647368	1.451208896
92.93015789	1.489290565
93.90384211	1.5688389
94.87752632	1.521428114
95.85121053	1.543666844
96.82489474	1.578570377
97.79857895	1.462875314
98.77226316	1.513308045
99.74594737	1.484149252
100.7196316	1.488609544
101.6933158	1.545414137
102.667	1.515844878
103.6406842	1.320088321
104.6143684	1.439265478
105.5880526	1.410342544
106.5617368	1.455218572
107.5354211	1.421595359
108.5091053	1.355912974
109.4827895	1.37853234
110.4564737	1.410127603
111.4301579	1.377157887
112.4038421	1.435236626
113.3775263	1.389153887
114.3512105	1.390707614
115.3248947	1.397747065
116.2985789	1.406217368
117.2722632	1.414889666
118.2459474	1.393769316
119.2196316	1.411607212
120.1933158	1.445807533
121.167	1.353483628
122.1406842	1.400166913
123.1143684	1.32175078
124.0880526	1.353328059
125.0617368	1.308340386
126.0354211	1.261637381
127.0091053	1.217164355
127.9827895	1.16094194
128.9564737	1.184845884
129.9301579	1.212229929
130.9038421	1.021901636
131.8775263	0.957926542
132.8512105	1.221676507
133.8248947	1.272407124
134.7985789	1.249406399
135.7722632	1.303780259
136.7459474	1.239815799
137.7196316	1.255349241
138.6933158	1.243069938
139.667	1.28852115
140.752	1.325892505
141.8948571	1.227667074
143.0377143	1.312920456
144.1805714	1.270180565
145.3234286	1.235273116
146.4662857	1.248660005
147.6091429	1.326632674
148.752	1.163904147
149.8948571	1.211575949
151.0377143	1.341702625
152.1805714	1.186145684
153.3234286	1.239820418
154.4662857	1.188974681
155.6091429	1.321175385
156.752	1.147197708
157.8948571	1.187013986
159.0377143	1.279285196
160.1805714	1.223254185
161.3234286	1.115198772
162.4662857	1.237459302
163.6091429	1.163382971
164.752	1.29747924
165.8948571	1.26242486
167.0377143	1.262329307
168.1805714	1.255344102
169.3234286	1.29602596
170.4662857	1.319729018
171.6091429	1.253342218
172.752	1.458455594
173.8948571	1.371066966
175.0377143	1.398605784
176.1805714	1.373063575
177.3234286	1.377959358
178.4662857	1.296230548
179.6091429	1.291683748
180.752	1.285069424
181.8948571	1.285942066
183.0377143	1.252147639
184.1805714	1.184239232
185.3234286	1.227742291
186.4662857	1.265401839
187.6091429	1.295823764
188.560918	1.25666477
189.413377	1.323952692
190.2658361	1.287533118
191.1182951	1.366696475
191.9707541	1.233416733
192.8232131	1.335134649
193.6756721	1.414447713
194.5281311	1.341428276
195.3805902	1.323905328
196.2330492	1.381349785
197.0855082	1.337807024
197.9379672	1.424577466
198.7904262	1.358806555
199.6428852	1.433485491
200.4953443	1.489588139
201.3478033	1.519661341
202.2002623	1.542660077
203.0527213	1.53567266
203.9051803	1.537530878
204.7576393	1.588508443
205.6100984	1.568994153
206.4625574	1.508851024
207.3150164	1.586072661
208.1674754	1.635704738
209.0199344	1.586796418
209.8723934	1.615499566
210.7248525	1.615109537
211.5773115	1.595389317
212.4297705	1.550675361
213.2822295	1.571818091
214.1346885	1.568195168
214.9871475	1.565544995
215.8396066	1.513810261
216.6920656	1.537347629
217.5445246	1.460879431
218.3969836	1.451111662
219.2494426	1.398399886
220.1019016	1.372685566
220.9543607	1.342134459
221.8068197	1.292874859
222.6592787	1.309613598
223.5117377	1.422588777
224.3641967	1.44130017
225.2166557	1.327191003
226.0691148	1.381309011
226.9215738	1.355176925
227.7740328	1.29070773
228.6264918	1.356576877
229.4789508	1.357325526
230.3314098	1.391240237
231.1838689	1.44293026
232.0363279	1.439665353
232.8887869	1.419994623
233.7412459	1.462029582
234.5937049	1.54344936
235.4461639	1.500792138
236.298623	1.512794916
237.151082	1.520517115
238.003541	1.535360658
238.856	1.601413555
239.708459	1.406484096
240.658	1.486535262
241.658	1.444348002
242.658	1.48744963
243.658	1.44898329
244.658	1.624953233
245.658	1.338064935
246.658	1.438431148
247.658	1.435696915
248.658	1.47921058
249.658	1.447258478
250.658	1.454477971
251.658	1.428310145
252.4935	1.425340578
253.2435	1.484949082
253.9935	1.483144598
254.7435	1.474354243
255.4935	1.462739194
256.2435	1.48816254
256.9935	1.5367734
257.7435	1.512247878
258.4935	1.523247093
259.2435	1.51924024
259.9935	1.461762139
260.7435	1.50830181
261.4935	1.504278753
262.2435	1.439267743
262.9935	1.45223592
263.7435	1.414321818
264.4935	1.33259756
265.2435	1.313883021
265.9935	1.455597481
266.7435	1.451987929
267.4935	1.438865339
268.2435	1.522243666
268.9935	1.36824235
269.7435	1.387369296
270.4935	1.381335706
271.2435	1.360126993
271.9935	1.335320482
272.7435	1.373888483
273.4935	1.317000634
274.2435	1.374722625
274.9935	1.316332277
275.7435	1.346026466
276.4935	1.376815022
277.2435	1.367204605
277.9935	1.419082867
278.7435	1.470211899
279.4935	1.395601376
280.2435	1.577486836
280.9935	1.642249814
281.7435	1.464193744
282.4935	1.544641538
283.2435	1.627250518
283.9935	1.691384202
284.7435	1.630603662
285.5645866	1.63843095
286.4226209	1.650390927
287.2806552	1.514392533
288.1386895	1.582402663
288.9967239	1.56764967
289.8547582	1.597246254
290.7127925	1.610852376
291.5708268	1.594865477
292.4288612	1.673497173
293.2868955	1.673675435
294.1449298	1.665574691
295.0029641	1.685572792
295.8609984	1.677964606
296.7190328	1.719827594
297.5770671	1.711989441
298.4351014	1.718616378
299.2931357	1.693402977
300.15117	1.715338145
301.0092044	1.708898933
301.8672387	1.746072985
302.725273	1.700439565
303.5833073	1.68009807
304.4413417	1.720085128
305.299376	1.678596406
306.1574103	1.653146676
307.0154446	1.660288107
307.8734789	1.649421976
308.7315133	1.640565381
309.5895476	1.598884654
310.4475819	1.630850872
311.3056162	1.630476243
312.1636505	1.603114344
313.0216849	1.584917137
313.8797192	1.593474117
314.7377535	1.581894936
315.5957878	1.608913268
316.4538222	1.573282352
317.3118565	1.615471504
318.1698908	1.604239511
319.0279251	1.656529084
319.8859594	1.691491988
320.7439938	1.633081418
321.6020281	1.647085981
322.4600624	1.673683232
323.3180967	1.715691592
324.176131	1.685564873
325.0341654	1.745637387
325.8921997	1.719126458
326.750234	1.756921709
327.6082683	1.631038361
328.4663027	1.624934588
329.324337	1.587366951
330.1823713	1.587919865
331.0404056	1.587997959
331.8984399	1.598736422
332.7564743	1.571519036
333.6145086	1.484836754
334.4725429	1.509981196
335.3305772	1.4808758
336.1886115	1.474032133
337.0466459	1.479917423
337.9046802	1.387473275
338.7627145	1.38411687
339.6207488	1.353439322
340.4729666	1.397012292
341.3205771	1.376802684
342.1681876	1.443874216
343.015798	1.37455237
343.8634085	1.389880629
344.7110189	1.434029063
345.5586294	1.327537947
346.4062399	1.419722642
347.2538503	1.417477315
348.1014608	1.437801541
348.9490712	1.39868428
349.7966817	1.473143053
350.6442922	1.479234708
351.4919026	1.520687769
352.3395131	1.478459497
353.1871235	1.489481691
354.034734	1.574239783
354.8823445	1.479767031
355.7299549	1.528125428
356.5775654	1.520110949
357.4251758	1.497328028
358.2727863	1.507355834
359.1203968	1.459540002
359.9680072	1.471202861
360.8156177	1.48515954
361.6632281	1.471916223
362.5108386	1.433237105
363.3584491	1.471895389
364.2060595	1.448574349
365.05367	1.492486344
365.9012804	1.478299723
366.7488909	1.538418966
367.5965014	1.522072235
368.4441118	1.554591596
369.2917223	1.576297485
370.1393327	1.57963611
370.9869432	1.591344767
371.8345537	1.623238606
372.6821641	1.608051713
373.5297746	1.6029094
374.377385	1.633063959
375.2249955	1.610273816
376.072606	1.635711516
376.9202164	1.667471891
377.7678269	1.626705319
378.6154373	1.638389334
379.4630478	1.665735444
380.3106583	1.670717328
381.1582687	1.682351109
382.0058792	1.682716761
382.8534896	1.666512977
383.7011001	1.650309194
384.5487106	1.681161318
385.396321	1.631276927
386.2439315	1.628910151
387.0915419	1.686045873
387.9391524	1.648056191
388.7867628	1.64248606
389.6343733	1.730098181
390.4819838	1.647935498
391.3295942	1.656570207
392.1772047	1.670102699
393.0248151	1.663447369
393.8724256	1.700569495
394.7200361	1.632847219
395.5676465	1.520970285
396.415257	1.517095724
397.2628674	1.49621669
398.1104779	1.546177914
398.9580884	1.530337038
399.8056988	1.560453738
400.6533093	1.547034312
401.5009197	1.503681214
402.3485302	1.486664627
403.1961407	1.47508773
404.0437511	1.520405347
404.8913616	1.493223002
405.738972	1.485588632
406.5865825	1.479177118
407.434193	1.502950577
408.2818034	1.490632528
409.1294139	1.534473003
409.9770243	1.501707372
410.8246348	1.537721118
411.6722453	1.52098243
412.5198557	1.543846614
413.3674662	1.618802954
414.2150766	1.573389191
415.0626871	1.61906926
415.9102976	1.61017562
416.757908	1.683662248
417.6055185	1.67922502
418.4531289	1.662989935
419.3007394	1.644572449
420.1483499	1.63360269
420.9959603	1.664321177
421.8435708	1.661391092
422.6911812	1.649324893
423.5387917	1.59036847
424.3864022	1.551595507
425.2340126	1.485069384
426.0816231	1.533744404
426.9292335	1.482424433
427.776844	1.461202949
428.6244545	1.423352442
429.4720649	1.378143208
430.3196754	1.454387104
431.1672858	1.390569081
432.0148963	1.361874162
432.8625068	1.379681945
433.7101172	1.464693876
434.6466552	1.44388446
435.6294138	1.508265843
436.6121724	1.512680565
437.594931	1.517662956
438.5776897	1.488691748
439.5604483	1.427958297
440.5432069	1.44787452
441.5259655	1.451688304
442.5087241	1.460374761
443.4914828	1.415742027
444.4742414	1.481836931
445.457	1.483152754
446.4397586	1.479208073
447.4225172	1.513815223
448.4052759	1.494875297
449.3880345	1.535461446
450.3707931	1.568349051
451.3535517	1.496799113
452.3363103	1.558617524
453.319069	1.57648031
454.3018276	1.594686942
455.2845862	1.564636957
456.2673448	1.502971556
457.2501034	1.494485002
458.2328621	1.521581954
459.2156207	1.462797996
460.1983793	1.394231526
461.1811379	1.393441558
462.1638966	1.512536383
463.1466552	1.518100372
464.1294138	1.54040489
465.1121724	1.619641634
466.094931	1.609083628
467.0776897	1.514115153
468.0604483	1.526801589
469.0432069	1.526053108
470.0259655	1.504755829
471.0087241	1.456768169
471.9914828	1.431684781
472.9742414	1.466577431
473.957	1.491263307
474.9397586	1.478727345
475.9225172	1.470229272
476.9052759	1.479623108
477.8880345	1.464695289
478.8707931	1.482165236
479.8535517	1.429972082
480.8363103	1.41878146
481.819069	1.409836296
482.8018276	1.446422057
483.7845862	1.454142889
484.7673448	1.453357496
485.7501034	1.432769419
486.7328621	1.41262066
487.7156207	1.460321608
488.6983793	1.43906553
489.6811379	1.450843533
490.6638966	1.430628431
491.4318125	1.494441439
492.0880625	1.513465537
492.7443125	1.456929984
493.4005625	1.470602253
494.0568125	1.495250349
494.7130625	1.496401667
495.3693125	1.550324968
496.0255625	1.56600923
496.6818125	1.511424839
497.3380625	1.574276091
497.9943125	1.538383072
498.6505625	1.519583545
499.3068125	1.460536452
499.9630625	1.498700493
500.6193125	1.47958366
501.2755625	1.531019593
501.9318125	1.56795303
502.5880625	1.537138421
503.2443125	1.561798053
503.9005625	1.560908537
504.5568125	1.571097914
505.2130625	1.581287291
505.8693125	1.591476668
506.5255625	1.601666044
507.1818125	1.611855421
507.8380625	1.622044798
508.4943125	1.632234175
509.1505625	1.642423551
509.8068125	1.652612928
510.4630625	1.631050126
511.1193125	1.578371223
511.7755625	1.549567815
512.4318125	1.53523044
513.0880625	1.519954696
513.7443125	1.50434986
514.4005625	1.5083852
515.0568125	1.515671011
515.7130625	1.491398293
516.3693125	1.466337849
517.0255625	1.441277404
517.6818125	1.468089663
518.3380625	1.460494331
518.9943125	1.435780222
519.6505625	1.463422644
520.3068125	1.497455405
520.9630625	1.521012688
521.6193125	1.555626105
522.2755625	1.536385265
522.9318125	1.54807023
523.5880625	1.553836475
524.2443125	1.513466158
524.9005625	1.488816325
525.5568125	1.497900391
526.2130625	1.512100569
526.8693125	1.495835228
527.5255625	1.47297154
528.1818125	1.467413292
528.8380625	1.440780621
529.4943125	1.420071513
530.1505625	1.432171013
530.8068125	1.371098161
531.4630625	1.409244598
532.1193125	1.393737189
532.7755625	1.363312221
533.4318125	1.28356693
534.0880625	1.276139955
534.7443125	1.287232402
535.4005625	1.301580324
536.0568125	1.32432772
536.7130625	1.384450949
537.3693125	1.469164135
538.0255625	1.465326634
538.6818125	1.41658811
539.3380625	1.485748231
539.9943125	1.542452814
540.6505625	1.5473758
541.3068125	1.52310594
541.9630625	1.568654277
542.6193125	1.551617946
543.2755625	1.539969966
543.9318125	1.517903829
544.5880625	1.495111582
545.2443125	1.488260307
545.9005625	1.501694083
546.5568125	1.502781145
547.2130625	1.501858715
547.8693125	1.518932605
548.5255625	1.517623823
549.1818125	1.53663252
549.8380625	1.548466312
550.4943125	1.552573671
551.1505625	1.539644192
551.8068125	1.515102703
552.4630625	1.489444289
553.1193125	1.471226341
553.7755625	1.538676221
554.4318125	1.591244064
555.0880625	1.486786898
555.7443125	1.417947702
556.4005625	1.354197675
557.0568125	1.370947085
557.7130625	1.395393399
558.3693125	1.382684508
559.0255625	1.340811397
559.6818125	1.296657203
560.3380625	1.357419109
560.9943125	1.426965769
561.6505625	1.482471247
562.3068125	1.507488578
562.9630625	1.526111912
563.6193125	1.508010526
564.2755625	1.485913947
564.9318125	1.486494323
565.5880625	1.488612628
566.2443125	1.490730933
566.9005625	1.519070959
567.5568125	1.514306859
568.2130625	1.498390024
568.8693125	1.481959933
569.5255625	1.485461134
570.1818125	1.489995064
570.8380625	1.501210534
571.4943125	1.512742762
572.1505625	1.473937285
572.8068125	1.432965383
573.4630625	1.416335934
574.1193125	1.400648639
574.7755625	1.419901564
575.334875	1.440356657
575.8438036	1.434670776
576.3527321	1.4281969
576.8616607	1.453081082
577.3705893	1.478777961
577.8795179	1.494769004
578.3884464	1.448698902
578.897375	1.449815088
579.4063036	1.45178145
579.9152321	1.437167977
580.4241607	1.422331667
580.9330893	1.458103132
581.4420179	1.463165489
581.9509464	1.447296478
582.459875	1.43131795
582.9688036	1.401398938
583.4777321	1.371485723
583.9866607	1.350099471
584.4955893	1.32882284
585.0045179	1.32370561
585.5134464	1.31839628
586.022375	1.295389366
586.5313036	1.273017331
587.0402321	1.293088073
587.5491607	1.313158815
588.0580893	1.333229556
588.5670179	1.353451717
589.0759464	1.380181756
589.584875	1.406528332
590.0938036	1.418027823
590.6027321	1.40127597
591.1116607	1.440441524
591.6205893	1.456299035
592.1295179	1.442748335
592.6384464	1.480893512
593.147375	1.460468614
593.6563036	1.460384558
594.1652321	1.41592554
594.6741607	1.417792481
595.1830893	1.439447829
595.6920179	1.478730735
596.2009464	1.503287595
596.709875	1.533973014
597.2188036	1.547638873
597.7277321	1.559815323
598.2366607	1.548134916
598.7455893	1.53456547
599.2545179	1.494033611
599.7634464	1.50433817
600.272375	1.481906369